meeting_key,session_key,driver_number,lap_number,date_start,duration_sector_1,duration_sector_2,duration_sector_3,i1_speed,i2_speed,is_pit_out_lap,lap_duration,segments_sector_1,segments_sector_2,segments_sector_3,st_speed
1233,9672,4,1,2024-04-20T03:04:02.540000+00:00,30.779,31.765,44.593,286.0,271.0,False,107.137,"[None, 2049, 2051, 2049, 2049, 2049, 2049]","[2049, 2051, 2049, 2049, 2049, 2049]","[2049, 2049, 2049, 2049, 2049, 2049, 2049, 2049, 2049]",310.0
1233,9672,44,1,2024-04-20T03:04:02.540000+00:00,29.337,29.894,43.468,275.0,269.0,False,102.699,"[2048, 2049, 2049, 2051, 2049, 2049, 2049]","[2051, 2049, 2051, 2051, 2051, 2051]","[2051, 2049, 2049, 2049, 2049, 2051, 2049, 2049, 2051]",308.0
1233,9672,14,1,2024-04-20T03:04:02.540000+00:00,29.543,30.527,43.339,278.0,269.0,False,103.409,"[2048, 2049, 2049, 2049, 2049, 2049, 2049]","[2049, 2049, 2049, 2049, 2049, 2049]","[2049, 2049, 2049, 2049, 2049, 2049, 2049, 2049, 2051]",310.0
1233,9672,1,1,2024-04-20T03:04:02.540000+00:00,29.891,30.958,43.532,278.0,271.0,False,104.381,"[2048, 2049, 2049, 2049, 2051, 2049, 2049]","[2049, 2049, 2049, 2049, 2049, 2049]","[2049, 2049, 2049, 2049, 2049, 2049, 2049, 2049, 2049]",310.0
1233,9672,11,1,2024-04-20T03:04:02.540000+00:00,30.204,31.597,43.771,280.0,271.0,False,105.572,"[2048, 2049, 2049, 2049, 2049, 2049, 2049]","[2049, 2049, 2049, 2049, 2049, 2049]","[2049, 2049, 2049, 2049, 2049, 2049, 2049, 2049, 2049]",314.0
1233,9672,16,1,2024-04-20T03:04:02.540000+00:00,30.631,31.586,43.894,284.0,265.0,False,106.111,"[2048, 2049, 2049, 2049, 2049, 2049, 2049]","[2049, 2049, 2049, 2049, 2049, 2049]","[2049, 2049, 2049, 2049, 2049, 2049, 2049, 2049, 2051]",314.0
1233,9672,55,1,2024-04-20T03:04:02.540000+00:00,30.063,30.98,43.635,275.0,265.0,False,104.678,"[None, 2049, 2049, 2049, 2049, 2051, 2049]","[2049, 2049, 2049, 2049, 2049, 2049]","[2049, 2051, 2051, 2049, 2049, 2049, 2051, 2051, 2048]",316.0
1233,9672,81,1,2024-04-20T03:04:02.540000+00:00,31.015,31.757,45.204,286.0,273.0,False,107.976,"[None, 2049, 2049, 2049, 2049, 2049, 2049]","[2049, 2049, 2049, 2049, 2049, 2049]","[2049, 2049, 2049, 2049, 2049, 2049, 2049, 2049, 2049]",309.0
1233,9672,24,1,2024-04-20T03:04:02.540000+00:00,31.358,31.766,45.389,276.0,262.0,False,108.513,"[2048, 2049, 2049, 2049, 2049, 2049, 2049]","[2049, 2049, 2049, 2049, 2049, 2049]","[2049, 2049, 2049, 2049, 2049, 2049, 2049, 2049, 2049]",312.0
1233,9672,77,1,2024-04-20T03:04:02.540000+00:00,31.219,32.489,45.728,283.0,273.0,False,109.436,"[None, 2049, 2049, 2049, 2049, 2049, 2049]","[2049, 2049, 2049, 2049, 2049, 2049]","[2049, 2049, 2049, 2049, 2049, 2049, 2049, 2049, 2049]",316.0
1233,9672,63,1,2024-04-20T03:04:02.540000+00:00,31.909,32.221,45.735,284.0,266.0,False,109.865,"[2048, 2049, 2049, 2049, 2049, 2049, 2049]","[2049, 2049, 2049, 2049, 2049, 2049]","[2049, 2049, 2049, 2049, 2049, 2049, 2049, 2049, 2049]",314.0
1233,9672,3,1,2024-04-20T03:04:02.540000+00:00,32.022,32.399,45.728,289.0,269.0,False,110.149,"[2048, 2049, 2049, 2049, 2049, 2049, 2051]","[2049, 2049, 2049, 2049, 2049, 2049]","[2049, 2049, 2049, 2051, 2049, 2049, 2049, 2049, 2049]",318.0
1233,9672,20,1,2024-04-20T03:04:02.540000+00:00,31.199,32.175,45.657,274.0,270.0,False,109.031,"[None, 2049, 2049, 2049, 2049, 2049, 2049]","[2049, 2049, 2049, 2049, 2049, 2049]","[2049, 2049, 2049, 2049, 2049, 2049, 2049, 2049, 2048]",314.0
1233,9672,27,1,2024-04-20T03:04:02.540000+00:00,32.506,32.614,45.624,285.0,267.0,False,110.744,"[None, 2049, 2049, 2049, 2049, 2049, 2049]","[2049, 2049, 2049, 2049, 2049, 2049]","[2049, 2049, 2049, 2049, 2049, 2049, 2049, 2049, 2049]",323.0
1233,9672,18,1,2024-04-20T03:04:02.540000+00:00,32.618,32.963,45.608,282.0,268.0,False,111.189,"[2048, 2049, 2049, 2049, 2049, 2049, 2049]","[2049, 2049, 2049, 2049, 2049, 2049]","[2049, 2049, 2049, 2049, 2049, 2049, 2049, 2049, 2049]",320.0
1233,9672,10,1,2024-04-20T03:04:02.540000+00:00,32.791,32.88,46.529,281.0,261.0,False,112.2,"[2048, 2049, 2049, 2049, 2049, 2049, 2049]","[2049, 2049, 2049, 2049, 2049, 2049]","[2049, 2049, 2049, 2049, 2049, 2049, 2049, 2049, 2049]",317.0
1233,9672,31,1,2024-04-20T03:04:02.540000+00:00,32.881,32.745,45.939,261.0,269.0,False,111.565,"[2048, 2049, 2049, 2049, 2049, 2049, 2049]","[2049, 2049, 2049, 2049, 2049, 2049]","[2049, 2049, 2049, 2049, 2049, 2049, 2049, 2049, 2048]",310.0
1233,9672,23,1,2024-04-20T03:04:02.540000+00:00,33.353,32.807,46.717,280.0,269.0,False,112.877,"[2048, 2049, 2049, 2049, 2049, 2049, 2049]","[2049, 2049, 2049, 2049, 2049, 2049]","[2049, 2049, 2049, 2049, 2049, 2049, 2049, 2049, 2049]",311.0
1233,9672,22,1,2024-04-20T03:04:02.540000+00:00,33.383,33.048,46.153,278.0,272.0,False,112.584,"[None, 2049, 2049, 2049, 2049, 2049, 2049]","[2049, 2049, 2049, 2049, 2049, 2049]","[2049, 2049, 2049, 2049, 2051, 2049, 2049, 2049, 2049]",320.0
1233,9672,2,1,2024-04-20T03:04:02.540000+00:00,33.964,32.886,46.716,267.0,270.0,False,113.566,"[2048, 2049, 2049, 2049, 2049, 2049, 2049]","[2049, 2049, 2049, 2049, 2049, 2049]","[2049, 2049, 2049, 2049, 2049, 2049, 2049, 2049, 2049]",317.0
1233,9672,44,2,2024-04-20T03:05:45.238000+00:00,26.936,30.305,43.385,274.0,268.0,False,100.626,"[2049, 2049, 2049, 2048, 2051, 2048, 2048]","[2049, 2048, 2051, 2048, 2048, 2048]","[2048, 2049, 2049, 2049, 2049, 2048, 2049, 2049, 2049]",309.0
1233,9672,14,2,2024-04-20T03:05:45.948000+00:00,26.935,30.452,43.264,273.0,270.0,False,100.651,"[2049, 2049, 2049, 2051, 2049, 2048, 2048]","[2049, 2048, 2049, 2048, 2048, 2049]","[2049, 2048, 2048, 2049, 2049, 2048, 2048, 2049, 2048]",321.0
1233,9672,1,2,2024-04-20T03:05:46.920000+00:00,26.958,30.34,44.202,267.0,259.0,False,101.5,"[2049, 2049, 2049, 2049, 2049, 2048, 2048]","[2051, 2049, 2049, 2049, 2049, 2048]","[2048, 2048, 2049, 2048, 2048, 2048, 2048, 2051, 2048]",296.0
1233,9672,55,2,2024-04-20T03:05:47.217000+00:00,27.121,30.494,43.776,,271.0,False,101.391,"[2049, 2049, 2049, 2049, 2049, 2048, 2049]","[2049, 2049, 2049, 2049, 2049, 2049]","[2049, 2048, 2048, 2048, 2049, 2049, 2051, 2049, 2048]",331.0
1233,9672,11,2,2024-04-20T03:05:48.111000+00:00,27.124,30.745,43.621,274.0,269.0,False,101.49,"[2049, 2049, 2049, 2049, 2049, 2048, 2048]","[2049, 2048, 2049, 2048, 2049, 2048]","[2049, 2049, 2049, 2048, 2048, 2051, 2048, 2049, 2049]",313.0
1233,9672,16,2,2024-04-20T03:05:48.650000+00:00,27.35,30.927,43.452,274.0,267.0,False,101.729,"[2049, 2049, 2049, 2048, 2049, 2048, 2048]","[2049, 2048, 2049, 2048, 2049, 2049]","[2049, 2048, 2049, 2048, 2049, 2049, 2049, 2049, 2051]",327.0
1233,9672,4,2,2024-04-20T03:05:49.676000+00:00,27.049,30.71,43.661,273.0,271.0,False,101.42,"[2049, 2049, 2049, 2049, 2049, 2048, 2048]","[2049, 2048, 2049, 2049, 2049, 2051]","[2049, 2048, 2051, 2049, 2049, 2049, 2049, 2049, 2049]",332.0
1233,9672,81,2,2024-04-20T03:05:50.515000+00:00,27.227,30.851,43.886,272.0,270.0,False,101.964,"[2049, 2049, 2051, 2049, 2049, 2048, 2048]","[2049, 2049, 2049, 2049, 2049, 2049]","[2049, 2048, 2049, 2049, 2048, 2049, 2049, 2049, 2049]",311.0
1233,9672,24,2,2024-04-20T03:05:51.052000+00:00,27.421,30.929,43.867,275.0,266.0,False,102.217,"[2049, 2049, 2049, 2049, 2049, 2048, 2049]","[2049, 2048, 2049, 2049, 2049, 2048]","[2049, 2049, 2049, 2048, 2049, 2049, 2049, 2049, 2049]",327.0
1233,9672,20,2,2024-04-20T03:05:51.570000+00:00,27.507,31.338,44.264,276.0,268.0,False,103.109,"[2049, 2049, 2049, 2049, 2049, 2048, 2048]","[2049, 2048, 2049, 2049, 2049, 2049]","[2049, 2048, 2049, 2048, 2048, 2049, 2049, 2049, 2049]",313.0
1233,9672,77,2,2024-04-20T03:05:51.975000+00:00,27.629,31.551,44.059,279.0,270.0,False,103.239,"[2049, 2049, 2049, 2049, 2049, 2049, 2048]","[2049, 2049, 2049, 2049, 2049, 2048]","[2049, 2048, 2049, 2049, 2049, 2049, 2048, 2049, 2049]",332.0
1233,9672,63,2,2024-04-20T03:05:52.404000+00:00,27.522,31.566,44.216,279.0,270.0,False,103.304,"[2049, 2049, 2049, 2049, 2049, 2049, 2048]","[2048, 2048, 2049, 2049, 2049, 2049]","[2049, 2049, 2049, 2048, 2049, 2049, 2048, 2048, 2049]",338.0
1233,9672,3,2,2024-04-20T03:05:52.688000+00:00,27.851,31.544,43.927,279.0,273.0,False,103.322,"[2049, 2049, 2049, 2049, 2049, 2048, 2048]","[2049, 2049, 2049, 2049, 2049, 2049]","[2049, 2049, 2048, 2048, 2049, 2049, 2049, 2049, 2049]",334.0
1233,9672,27,2,2024-04-20T03:05:53.283000+00:00,27.595,31.908,44.707,282.0,263.0,False,104.21,"[2049, 2049, 2049, 2049, 2049, 2049, 2049]","[2049, 2048, 2049, 2049, 2049, 2049]","[2049, 2049, 2049, 2049, 2049, 2049, 2048, 2048, 2049]",333.0
1233,9672,18,2,2024-04-20T03:05:53.728000+00:00,27.552,31.72,43.916,281.0,274.0,False,103.188,"[2049, 2049, 2049, 2049, 2049, 2048, 2048]","[2049, 2049, 2048, 2049, 2049, 2049]","[2049, 2049, 2049, 2049, 2051, 2049, 2049, 2049, 2049]",346.0
1233,9672,31,2,2024-04-20T03:05:54.104000+00:00,27.576,31.72,44.674,271.0,266.0,False,103.97,"[2049, 2049, 2049, 2049, 2049, 2048, 2049]","[2049, 2049, 2049, 2049, 2049, 2049]","[2049, 2049, 2049, 2049, 2049, 2049, 2049, 2048, 2048]",324.0
1233,9672,10,2,2024-04-20T03:05:54.739000+00:00,27.557,31.726,44.785,273.0,265.0,False,104.068,"[2049, 2049, 2049, 2049, 2049, 2048, 2048]","[2049, 2049, 2049, 2048, 2049, 2049]","[2049, 2049, 2049, 2049, 2049, 2049, 2048, 2049, 2048]",329.0
1233,9672,22,2,2024-04-20T03:05:55.123000+00:00,27.594,31.701,44.637,,271.0,False,103.932,"[2049, 2049, 2049, 2049, 2049, 2049, 2049]","[2049, 2049, 2049, 2049, 2049, 2049]","[2049, 2049, 2049, 2048, 2049, 2049, 2048, 2048, 2049]",332.0
1233,9672,23,2,2024-04-20T03:05:55.416000+00:00,27.883,31.831,44.631,262.0,271.0,False,104.345,"[2049, 2049, 2049, 2049, 2049, 2048, 2048]","[2049, 2048, 2048, 2049, 2049, 2049]","[2049, 2049, 2048, 2049, 2049, 2049, 2048, 2049, 2049]",336.0
1233,9672,2,2,2024-04-20T03:05:56.105000+00:00,27.652,32.236,44.44,272.0,268.0,False,104.328,"[2049, 2049, 2049, 2049, 2049, 2049, 2048]","[2049, 2049, 2049, 2049, 2049, 2049]","[2049, 2049, 2049, 2049, 2049, 2049, 2049, 2049, 2049]",333.0
1233,9672,44,3,2024-04-20T03:07:25.933000+00:00,26.967,30.232,43.221,272.0,269.0,False,100.42,"[None, 2049, 2049, 2048, 2048, 2048, 2048]","[2051, 2048, 2048, 2048, 2048, 2048]","[2048, 2048, 2049, 2049, 2049, 2048, 2049, 2049, 2049]",312.0
1233,9672,14,3,2024-04-20T03:07:26.680000+00:00,26.81,30.655,43.072,277.0,269.0,False,100.537,"[2049, 2049, 2049, 2048, 2048, 2048, 2048]","[2048, 2048, 2048, 2048, 2048, 2048]","[2051, 2048, 2048, 2049, 2049, 2049, 2049, 2049, 2048]",332.0
1233,9672,1,3,2024-04-20T03:07:28.376000+00:00,26.925,30.256,43.15,265.0,262.0,False,100.331,"[None, 2048, 2049, 2049, 2048, 2048, 2048]","[2049, 2049, 2049, 2049, 2048, 2048]","[2048, 2048, 2048, 2049, 2049, 2049, 2049, 2048, 2049]",315.0
1233,9672,55,3,2024-04-20T03:07:28.783000+00:00,26.92,30.914,43.162,279.0,271.0,False,100.996,"[None, 2049, 2051, 2049, 2048, 2048, 2049]","[2048, 2049, 2049, 2049, 2048, 2048]","[2049, 2048, 2048, 2048, 2049, 2048, 2048, 2048, 2049]",332.0
1233,9672,11,3,2024-04-20T03:07:29.486000+00:00,27.162,30.626,43.45,267.0,261.0,False,101.238,"[None, 2049, 2048, 2048, 2049, 2048, 2048]","[2049, 2048, 2049, 2049, 2048, 2048]","[2049, 2048, 2049, 2049, 2049, 2048, 2048, 2049, 2049]",332.0
1233,9672,16,3,2024-04-20T03:07:30.402000+00:00,27.157,30.958,43.204,278.0,265.0,False,101.319,"[2049, 2049, 2049, 2049, 2048, 2048, 2048]","[2048, 2048, 2049, 2049, 2048, 2048]","[2049, 2048, 2049, 2049, 2049, 2048, 2049, 2049, 2051]",332.0
1233,9672,4,3,2024-04-20T03:07:31.085000+00:00,26.617,31.125,43.525,284.0,271.0,False,101.267,"[None, 2049, 2049, 2048, 2049, 2048, 2048]","[2048, 2048, 2048, 2048, 2048, 2048]","[2049, 2048, 2048, 2049, 2048, 2048, 2049, 2049, 2051]",332.0
1233,9672,81,3,2024-04-20T03:07:32.476000+00:00,27.143,30.634,43.33,,269.0,False,101.107,"[None, 2049, 2049, 2048, 2049, 2048, 2048]","[2049, 2048, 2049, 2049, 2048, 2048]","[2049, 2048, 2048, 2049, 2049, 2049, 2049, 2049, 2051]",313.0
1233,9672,24,3,2024-04-20T03:07:33.344000+00:00,27.144,30.973,43.894,271.0,264.0,False,102.011,"[None, 2049, 2048, 2048, 2049, 2048, 2048]","[2049, 2048, 2049, 2049, 2048, 2048]","[2049, 2048, 2049, 2048, 2048, 2048, 2048, 2049, 2049]",306.0
1233,9672,20,3,2024-04-20T03:07:34.748000+00:00,27.241,31.425,44.231,272.0,264.0,False,102.897,"[2048, 2048, 2049, 2049, 2049, 2048, 2048]","[2049, 2048, 2049, 2048, 2048, 2048]","[2049, 2048, 2049, 2049, 2048, 2048, 2049, 2048, 2049]",313.0
1233,9672,77,3,2024-04-20T03:07:35.174000+00:00,27.408,31.908,43.773,277.0,266.0,False,103.089,"[None, 2049, 2049, 2048, 2049, 2048, 2048]","[2048, 2049, 2048, 2049, 2048, 2048]","[2048, 2048, 2049, 2049, 2049, 2049, 2048, 2049, 2048]",331.0
1233,9672,63,3,2024-04-20T03:07:35.706000+00:00,27.056,31.335,43.181,283.0,270.0,False,101.572,"[None, 2049, 2049, 2049, 2048, 2048, 2049]","[2049, 2048, 2049, 2048, 2048, 2048]","[2049, 2049, 2049, 2049, 2048, 2049, 2048, 2049, 2049]",333.0
1233,9672,3,3,2024-04-20T03:07:36.027000+00:00,27.447,31.622,43.774,,270.0,False,102.843,"[2049, 2049, 2049, 2049, 2049, 2048, 2048]","[2049, 2048, 2049, 2049, 2048, 2048]","[2049, 2048, 2048, 2048, 2049, 2049, 2048, 2049, 2049]",336.0
1233,9672,18,3,2024-04-20T03:07:36.751000+00:00,27.12,31.345,44.069,280.0,274.0,False,102.534,"[None, 2049, 2049, 2048, 2049, 2048, 2048]","[2049, 2049, 2048, 2049, 2048, 2049]","[2049, 2048, 2048, 2048, 2048, 2048, 2049, 2049, 2049]",341.0
1233,9672,27,3,2024-04-20T03:07:37.491000+00:00,27.085,31.704,44.022,279.0,270.0,False,102.811,"[None, 2051, 2049, 2049, 2048, 2049, 2048]","[2049, 2048, 2048, 2049, 2048, 2049]","[2049, 2048, 2048, 2048, 2049, 2049, 2048, 2049, 2049]",335.0
1233,9672,31,3,2024-04-20T03:07:38.197000+00:00,27.053,31.507,44.425,269.0,261.0,False,102.985,"[None, 2049, 2049, 2048, 2049, 2048, 2049]","[2049, 2048, 2049, 2048, 2048, 2048]","[2049, 2048, 2049, 2049, 2049, 2048, 2048, 2049, 2049]",326.0
1233,9672,10,3,2024-04-20T03:07:38.722000+00:00,27.115,31.97,43.932,271.0,258.0,False,103.017,"[None, 2049, 2049, 2049, 2049, 2048, 2048]","[2049, 2049, 2049, 2049, 2048, 2048]","[2049, 2048, 2049, 2048, 2048, 2048, 2049, 2049, 2049]",330.0
1233,9672,22,3,2024-04-20T03:07:39.040000+00:00,27.284,31.927,44.694,,267.0,False,103.905,"[None, 2049, 2048, 2048, 2049, 2048, 2048]","[2049, 2049, 2048, 2049, 2048, 2048]","[2049, 2048, 2049, 2048, 2048, 2048, 2048, 2049, 2049]",333.0
1233,9672,23,3,2024-04-20T03:07:39.712000+00:00,27.426,31.922,44.7,270.0,266.0,False,104.048,"[None, 2049, 2049, 2049, 2048, 2048, 2048]","[2049, 2048, 2049, 2049, 2048, 2048]","[2048, 2048, 2048, 2048, 2048, 2049, 2049, 2049, 2049]",332.0
1233,9672,2,3,2024-04-20T03:07:40.404000+00:00,27.332,32.32,44.219,266.0,266.0,False,103.871,"[2049, 2049, 2049, 2048, 2049, 2048, 2048]","[2049, 2048, 2048, 2049, 2048, 2048]","[2049, 2048, 2048, 2049, 2048, 2048, 2048, 2049, 2049]",330.0
1233,9672,44,4,2024-04-20T03:09:06.338000+00:00,26.989,30.192,43.3,271.0,268.0,False,100.481,"[2048, 2049, 2049, 2048, 2048, 2048, 2048]","[2051, 2048, 2048, 2048, 2048, 2048]","[2048, 2048, 2048, 2049, 2049, 2048, 2048, 2048, 2049]",311.0
1233,9672,14,4,2024-04-20T03:09:07.290000+00:00,26.808,30.778,43.393,275.0,268.0,False,100.979,"[2048, 2048, 2049, 2048, 2049, 2048, 2048]","[2048, 2048, 2048, 2048, 2048, 2048]","[2048, 2048, 2049, 2048, 2048, 2048, 2048, 2049, 2049]",311.0
1233,9672,1,4,2024-04-20T03:09:08.769000+00:00,26.874,30.532,43.342,276.0,261.0,False,100.748,"[2048, 2049, 2049, 2048, 2049, 2048, 2048]","[2049, 2048, 2048, 2048, 2048, 2048]","[2048, 2048, 2048, 2049, 2048, 2048, 2048, 2048, 2048]",311.0
1233,9672,55,4,2024-04-20T03:09:09.829000+00:00,26.911,30.707,43.344,277.0,270.0,False,100.962,"[None, 2049, 2048, 2048, 2049, 2048, 2049]","[2049, 2048, 2048, 2048, 2048, 2048]","[2049, 2048, 2048, 2048, 2048, 2049, 2048, 2049, 2049]",311.0
1233,9672,11,4,2024-04-20T03:09:10.846000+00:00,27.016,30.603,43.446,,268.0,False,101.065,"[2048, 2049, 2049, 2048, 2049, 2048, 2048]","[2049, 2048, 2049, 2048, 2048, 2048]","[2049, 2048, 2048, 2048, 2048, 2051, 2048, 2049, 2048]",313.0
1233,9672,16,4,2024-04-20T03:09:11.690000+00:00,26.88,30.864,43.259,274.0,265.0,False,101.003,"[2048, 2048, 2049, 2048, 2048, 2048, 2048]","[2049, 2048, 2048, 2049, 2048, 2049]","[2048, 2048, 2048, 2048, 2048, 2049, 2048, 2048, 2051]",328.0
1233,9672,4,4,2024-04-20T03:09:12.247000+00:00,26.674,31.027,43.25,272.0,270.0,False,100.951,"[None, 2049, 2049, 2048, 2049, 2048, 2048]","[2048, 2048, 2048, 2049, 2048, 2048]","[2049, 2048, 2048, 2049, 2048, 2049, 2049, 2048, 2049]",331.0
1233,9672,81,4,2024-04-20T03:09:13.562000+00:00,27.204,30.66,43.541,267.0,263.0,False,101.405,"[None, 2048, 2048, 2048, 2049, 2048, 2048]","[2049, 2048, 2048, 2049, 2048, 2048]","[2049, 2048, 2048, 2049, 2048, 2049, 2048, 2048, 2048]",306.0
1233,9672,24,4,2024-04-20T03:09:15.388000+00:00,27.239,30.603,43.66,275.0,266.0,False,101.502,"[2048, 2048, 2049, 2048, 2049, 2048, 2048]","[2049, 2048, 2048, 2049, 2048, 2048]","[2049, 2048, 2048, 2049, 2048, 2049, 2049, 2049, 2049]",309.0
1233,9672,63,4,2024-04-20T03:09:17.259000+00:00,27.147,30.852,43.716,270.0,267.0,False,101.715,"[2048, 2048, 2049, 2049, 2049, 2048, 2048]","[2049, 2048, 2048, 2049, 2048, 2048]","[2048, 2048, 2048, 2048, 2048, 2049, 2048, 2049, 2048]",310.0
1233,9672,20,4,2024-04-20T03:09:17.725000+00:00,27.37,31.556,43.728,274.0,266.0,False,102.654,"[2049, 2049, 2048, 2048, 2048, 2048, 2048]","[2048, 2048, 2048, 2048, 2048, 2049]","[2049, 2048, 2049, 2049, 2048, 2049, 2048, 2048, 2049]",313.0
1233,9672,77,4,2024-04-20T03:09:18.234000+00:00,27.354,31.394,43.811,272.0,267.0,False,102.559,"[None, 2049, 2049, 2048, 2048, 2048, 2048]","[2049, 2048, 2048, 2048, 2049, 2048]","[2048, 2049, 2049, 2049, 2048, 2048, 2048, 2048, 2049]",331.0
1233,9672,3,4,2024-04-20T03:09:18.911000+00:00,27.242,31.466,43.736,280.0,266.0,False,102.444,"[2048, 2049, 2049, 2048, 2049, 2048, 2048]","[2049, 2048, 2049, 2048, 2048, 2048]","[2048, 2048, 2048, 2048, 2048, 2049, 2049, 2049, 2049]",330.0
1233,9672,18,4,2024-04-20T03:09:19.477000+00:00,27.134,31.551,43.863,273.0,271.0,False,102.548,"[2049, 2049, 2048, 2048, 2048, 2048, 2048]","[2048, 2049, 2048, 2048, 2048, 2048]","[2049, 2048, 2048, 2048, 2048, 2048, 2049, 2049, 2048]",336.0
1233,9672,27,4,2024-04-20T03:09:20.217000+00:00,27.161,31.287,43.927,278.0,271.0,False,102.375,"[None, 2051, 2049, 2049, 2048, 2048, 2048]","[2049, 2048, 2048, 2048, 2049, 2049]","[2049, 2048, 2048, 2049, 2049, 2048, 2049, 2049, 2049]",337.0
1233,9672,31,4,2024-04-20T03:09:21.168000+00:00,27.034,31.156,44.001,270.0,262.0,False,102.191,"[None, 2049, 2049, 2049, 2048, 2048, 2049]","[2049, 2048, 2049, 2049, 2048, 2048]","[2049, 2048, 2048, 2049, 2049, 2049, 2048, 2049, 2048]",326.0
1233,9672,10,4,2024-04-20T03:09:21.839000+00:00,27.175,31.101,43.741,270.0,261.0,False,102.017,"[None, 2048, 2049, 2048, 2048, 2048, 2048]","[2049, 2048, 2049, 2048, 2048, 2048]","[2048, 2048, 2049, 2049, 2049, 2049, 2048, 2049, 2048]",330.0
1233,9672,22,4,2024-04-20T03:09:22.938000+00:00,26.98,30.98,44.096,275.0,268.0,False,102.056,"[2048, 2049, 2049, 2049, 2048, 2048, 2048]","[2049, 2048, 2049, 2049, 2048, 2048]","[2049, 2048, 2048, 2048, 2048, 2049, 2048, 2049, 2048]",334.0
1233,9672,23,4,2024-04-20T03:09:23.827000+00:00,27.146,31.39,44.182,267.0,266.0,False,102.718,"[None, 2048, 2049, 2049, 2049, 2049, 2048]","[2049, 2048, 2049, 2048, 2048, 2048]","[2049, 2048, 2048, 2048, 2048, 2049, 2049, 2049, 2049]",314.0
1233,9672,2,4,2024-04-20T03:09:24.257000+00:00,27.411,31.444,43.922,267.0,265.0,False,102.777,"[2049, 2049, 2048, 2049, 2048, 2048, 2048]","[2049, 2048, 2049, 2049, 2049, 2049]","[2049, 2048, 2049, 2049, 2048, 2049, 2048, 2049, 2049]",329.0
1233,9672,44,5,2024-04-20T03:10:46.813000+00:00,27.207,30.656,43.393,,266.0,False,101.256,"[2049, 2049, 2049, 2048, 2048, 2048, 2048]","[2048, 2048, 2048, 2048, 2048, 2048]","[2048, 2048, 2048, 2048, 2048, 2048, 2048, 2049, 2048]",311.0
1233,9672,14,5,2024-04-20T03:10:48.243000+00:00,27.193,30.764,43.431,272.0,269.0,False,101.388,"[None, 2048, 2049, 2048, 2048, 2048, 2048]","[2049, 2048, 2048, 2048, 2048, 2048]","[2048, 2048, 2048, 2048, 2048, 2048, 2048, 2049, 2049]",311.0
1233,9672,1,5,2024-04-20T03:10:49.454000+00:00,27.098,30.817,43.307,274.0,260.0,False,101.222,"[2049, 2048, 2048, 2048, 2048, 2048, 2048]","[2048, 2048, 2048, 2048, 2048, 2048]","[2048, 2048, 2048, 2048, 2048, 2049, 2048, 2048, 2049]",313.0
1233,9672,55,5,2024-04-20T03:10:50.653000+00:00,27.498,30.715,43.084,273.0,269.0,False,101.297,"[2048, 2048, 2048, 2048, 2048, 2048, 2048]","[2048, 2048, 2049, 2048, 2048, 2048]","[2048, 2048, 2048, 2048, 2048, 2049, 2048, 2049, 2049]",313.0
1233,9672,11,5,2024-04-20T03:10:51.852000+00:00,27.107,30.789,43.211,266.0,269.0,False,101.107,"[None, 2048, 2048, 2048, 2048, 2048, 2048]","[2048, 2048, 2049, 2048, 2048, 2048]","[2049, 2048, 2048, 2049, 2049, 2051, 2048, 2049, 2049]",329.0
1233,9672,16,5,2024-04-20T03:10:52.632000+00:00,26.964,31.211,43.119,275.0,266.0,False,101.294,"[2049, 2049, 2048, 2048, 2048, 2048, 2048]","[2048, 2048, 2048, 2048, 2048, 2048]","[2049, 2048, 2048, 2048, 2048, 2049, 2048, 2049, 2048]",328.0
1233,9672,4,5,2024-04-20T03:10:53.314000+00:00,26.945,31.255,43.43,271.0,270.0,False,101.63,"[None, 2049, 2049, 2048, 2048, 2048, 2048]","[2048, 2048, 2049, 2048, 2048, 2048]","[2049, 2048, 2048, 2048, 2048, 2049, 2048, 2048, 2048]",329.0
1233,9672,81,5,2024-04-20T03:10:54.929000+00:00,27.18,30.931,43.435,268.0,264.0,False,101.546,"[None, 2049, 2051, 2048, 2048, 2048, 2048]","[2048, 2048, 2048, 2048, 2048, 2048]","[2049, 2048, 2048, 2048, 2048, 2048, 2048, 2049, 2048]",311.0
1233,9672,24,5,2024-04-20T03:10:56.864000+00:00,27.229,30.864,43.695,271.0,263.0,False,101.788,"[None, 2048, 2048, 2048, 2049, 2048, 2048]","[2048, 2048, 2048, 2048, 2048, 2048]","[2049, 2048, 2048, 2048, 2048, 2048, 2048, 2049, 2049]",308.0
1233,9672,63,5,2024-04-20T03:10:59.033000+00:00,26.984,31.024,43.497,271.0,269.0,False,101.505,"[None, 2048, 2049, 2048, 2048, 2048, 2048]","[2048, 2048, 2048, 2049, 2048, 2048]","[2049, 2048, 2048, 2048, 2048, 2048, 2048, 2049, 2049]",311.0
1233,9672,20,5,2024-04-20T03:11:00.389000+00:00,27.353,31.15,43.589,273.0,266.0,False,102.092,"[2048, 2048, 2049, 2048, 2048, 2048, 2048]","[2049, 2048, 2048, 2049, 2048, 2049]","[2049, 2048, 2048, 2048, 2048, 2049, 2048, 2049, 2049]",314.0
1233,9672,77,5,2024-04-20T03:11:00.851000+00:00,27.452,31.192,43.58,271.0,266.0,False,102.224,"[2048, 2048, 2048, 2049, 2048, 2048, 2048]","[2049, 2048, 2049, 2049, 2048, 2048]","[2049, 2048, 2048, 2048, 2048, 2048, 2048, 2049, 2049]",328.0
1233,9672,3,5,2024-04-20T03:11:01.316000+00:00,27.425,31.278,43.552,281.0,271.0,False,102.255,"[None, 2048, 2048, 2048, 2048, 2049, 2048]","[2049, 2048, 2048, 2049, 2048, 2048]","[2049, 2048, 2048, 2048, 2048, 2049, 2049, 2049, 2049]",336.0
1233,9672,18,5,2024-04-20T03:11:02.031000+00:00,27.366,31.227,43.665,,271.0,False,102.258,"[2048, 2048, 2048, 2048, 2048, 2048, 2048]","[2049, 2048, 2049, 2048, 2049, 2048]","[2049, 2048, 2048, 2048, 2048, 2049, 2048, 2049, 2049]",338.0
1233,9672,27,5,2024-04-20T03:11:02.613000+00:00,27.217,31.542,43.556,281.0,271.0,False,102.315,"[2051, 2048, 2048, 2048, 2048, 2049, 2048]","[2048, 2048, 2049, 2048, 2048, 2048]","[2049, 2048, 2048, 2048, 2048, 2049, 2049, 2049, 2049]",336.0
1233,9672,31,5,2024-04-20T03:11:03.380000+00:00,26.74,31.613,43.892,281.0,268.0,False,102.245,"[None, 2049, 2049, 2049, 2048, 2049, 2049]","[2048, 2048, 2048, 2048, 2048, 2049]","[2048, 2048, 2049, 2049, 2049, 2048, 2048, 2048, 2049]",342.0
1233,9672,10,5,2024-04-20T03:11:03.871000+00:00,27.112,31.317,43.85,,261.0,False,102.279,"[None, 2048, 2048, 2049, 2048, 2048, 2048]","[2048, 2049, 2048, 2048, 2048, 2048]","[2048, 2048, 2048, 2048, 2048, 2048, 2048, 2048, 2048]",331.0
1233,9672,22,5,2024-04-20T03:11:05.028000+00:00,27.34,30.981,43.98,269.0,269.0,False,102.301,"[None, 2048, 2049, 2048, 2048, 2049, 2048]","[2049, 2048, 2049, 2048, 2048, 2048]","[2049, 2048, 2048, 2048, 2048, 2048, 2048, 2049, 2049]",317.0
1233,9672,23,5,2024-04-20T03:11:06.583000+00:00,27.216,31.246,44.066,271.0,268.0,False,102.528,"[2048, 2048, 2049, 2049, 2048, 2049, 2048]","[2049, 2048, 2049, 2048, 2048, 2048]","[2048, 2048, 2049, 2048, 2048, 2049, 2049, 2049, 2049]",313.0
1233,9672,2,5,2024-04-20T03:11:07.061000+00:00,27.574,31.201,43.905,270.0,268.0,False,102.68,"[2048, 2048, 2048, 2049, 2048, 2048, 2048]","[2049, 2048, 2049, 2048, 2049, 2048]","[2049, 2048, 2049, 2049, 2048, 2048, 2049, 2049, 2049]",330.0
1233,9672,44,6,2024-04-20T03:12:28.033000+00:00,27.173,30.61,43.676,270.0,267.0,False,101.459,"[2048, 2049, 2049, 2048, 2048, 2048, 2048]","[2048, 2048, 2048, 2048, 2048, 2048]","[2048, 2048, 2048, 2048, 2048, 2048, 2048, 2049, 2048]",311.0
1233,9672,14,6,2024-04-20T03:12:29.622000+00:00,27.024,30.868,43.472,270.0,267.0,False,101.364,"[None, 2048, 2049, 2051, 2048, 2048, 2048]","[2048, 2048, 2048, 2048, 2048, 2048]","[2048, 2048, 2048, 2048, 2048, 2048, 2048, 2049, 2049]",311.0
1233,9672,1,6,2024-04-20T03:12:30.811000+00:00,27.169,30.631,43.228,275.0,264.0,False,101.028,"[None, 2049, 2048, 2048, 2048, 2048, 2048]","[2048, 2048, 2048, 2048, 2048, 2048]","[2049, 2048, 2048, 2048, 2048, 2049, 2048, 2049, 2048]",315.0
1233,9672,55,6,2024-04-20T03:12:32.127000+00:00,27.339,30.571,43.335,274.0,268.0,False,101.245,"[None, 2048, 2048, 2048, 2048, 2048, 2048]","[2049, 2048, 2048, 2048, 2048, 2048]","[2048, 2048, 2048, 2048, 2048, 2048, 2048, 2051, 2048]",312.0
1233,9672,11,6,2024-04-20T03:12:32.950000+00:00,27.072,30.904,43.335,265.0,267.0,False,101.311,"[2049, 2049, 2048, 2048, 2048, 2048, 2048]","[2048, 2048, 2049, 2048, 2048, 2048]","[2048, 2048, 2048, 2048, 2048, 2051, 2048, 2049, 2049]",313.0
1233,9672,16,6,2024-04-20T03:12:33.938000+00:00,27.191,30.653,43.335,273.0,265.0,False,101.179,"[2048, 2048, 2048, 2049, 2048, 2048, 2048]","[2048, 2048, 2049, 2049, 2048, 2048]","[2048, 2048, 2048, 2048, 2048, 2048, 2049, 2049, 2048]",329.0
1233,9672,4,6,2024-04-20T03:12:34.889000+00:00,26.797,30.88,43.299,269.0,270.0,False,100.976,"[2048, 2049, 2049, 2048, 2048, 2048, 2048]","[2048, 2048, 2049, 2048, 2048, 2048]","[2049, 2048, 2048, 2048, 2049, 2048, 2048, 2049, 2048]",331.0
1233,9672,81,6,2024-04-20T03:12:36.541000+00:00,27.237,30.876,43.624,,267.0,False,101.737,"[None, 2048, 2048, 2048, 2048, 2048, 2048]","[2049, 2048, 2048, 2048, 2048, 2048]","[2048, 2048, 2048, 2048, 2048, 2048, 2048, 2048, 2048]",311.0
1233,9672,24,6,2024-04-20T03:12:38.540000+00:00,27.414,31.208,43.995,273.0,264.0,False,102.617,"[None, 2048, 2049, 2048, 2048, 2048, 2048]","[2048, 2048, 2049, 2048, 2048, 2048]","[2048, 2048, 2048, 2048, 2048, 2048, 2048, 2048, 2048]",310.0
1233,9672,63,6,2024-04-20T03:12:40.576000+00:00,27.09,31.102,43.773,270.0,268.0,False,101.965,"[None, 2048, 2048, 2049, 2048, 2048, 2048]","[2048, 2048, 2048, 2048, 2048, 2048]","[2049, 2048, 2048, 2048, 2048, 2048, 2048, 2048, 2048]",312.0
1233,9672,20,6,2024-04-20T03:12:42.449000+00:00,27.33,31.158,43.678,,266.0,False,102.166,"[None, 2048, 2049, 2048, 2048, 2048, 2048]","[2049, 2048, 2049, 2048, 2048, 2048]","[2049, 2048, 2048, 2048, 2048, 2048, 2048, 2049, 2048]",314.0
1233,9672,77,6,2024-04-20T03:12:43.134000+00:00,27.282,31.323,43.535,270.0,264.0,False,102.14,"[None, 2048, 2049, 2048, 2048, 2048, 2048]","[2049, 2048, 2048, 2048, 2048, 2048]","[2048, 2048, 2048, 2048, 2048, 2049, 2048, 2048, 2049]",327.0
1233,9672,3,6,2024-04-20T03:12:43.656000+00:00,27.312,31.342,43.58,279.0,270.0,False,102.234,"[None, 2048, 2049, 2048, 2048, 2048, 2048]","[2048, 2049, 2048, 2048, 2048, 2048]","[2049, 2048, 2048, 2048, 2048, 2049, 2049, 2049, 2048]",336.0
1233,9672,18,6,2024-04-20T03:12:44.344000+00:00,27.358,31.237,43.755,270.0,269.0,False,102.35,"[2049, 2048, 2049, 2048, 2048, 2049, 2048]","[2049, 2049, 2048, 2048, 2049, 2048]","[2049, 2048, 2048, 2048, 2048, 2048, 2049, 2049, 2048]",335.0
1233,9672,27,6,2024-04-20T03:12:44.917000+00:00,27.412,31.475,43.547,275.0,269.0,False,102.434,"[2048, 2048, 2049, 2048, 2048, 2048, 2048]","[2048, 2048, 2048, 2048, 2048, 2048]","[2049, 2048, 2048, 2048, 2048, 2048, 2048, 2048, 2049]",334.0
1233,9672,31,6,2024-04-20T03:12:45.610000+00:00,27.108,31.425,44.061,273.0,264.0,False,102.594,"[2048, 2048, 2048, 2048, 2048, 2048, 2048]","[2048, 2048, 2048, 2048, 2048, 2048]","[2048, 2048, 2049, 2048, 2048, 2048, 2048, 2048, 2049]",330.0
1233,9672,10,6,2024-04-20T03:12:46.073000+00:00,27.175,31.68,43.853,269.0,258.0,False,102.708,"[None, 2048, 2049, 2048, 2048, 2048, 2048]","[2048, 2048, 2048, 2048, 2048, 2048]","[2048, 2048, 2048, 2048, 2048, 2048, 2049, 2048, 2049]",328.0
1233,9672,22,6,2024-04-20T03:12:47.297000+00:00,27.253,31.23,43.71,268.0,268.0,False,102.193,"[None, 2048, 2049, 2048, 2048, 2048, 2048]","[2048, 2048, 2048, 2049, 2048, 2048]","[2048, 2048, 2048, 2048, 2048, 2049, 2048, 2049, 2049]",333.0
1233,9672,23,6,2024-04-20T03:12:49.040000+00:00,27.226,31.276,44.005,269.0,268.0,False,102.507,"[None, 2048, 2049, 2048, 2049, 2048, 2048]","[2049, 2048, 2048, 2049, 2048, 2048]","[2048, 2048, 2048, 2048, 2048, 2048, 2048, 2049, 2049]",313.0
1233,9672,2,6,2024-04-20T03:12:49.727000+00:00,27.495,31.356,43.945,269.0,268.0,False,102.796,"[None, 2048, 2049, 2048, 2048, 2048, 2048]","[2048, 2048, 2048, 2048, 2048, 2049]","[2048, 2048, 2049, 2048, 2048, 2049, 2048, 2048, 2049]",312.0
1233,9672,44,7,2024-04-20T03:14:09.465000+00:00,27.375,30.68,43.606,268.0,268.0,False,101.661,"[None, 2048, 2049, 2048, 2048, 2048, 2048]","[2048, 2048, 2048, 2048, 2048, 2048]","[2048, 2048, 2048, 2048, 2048, 2048, 2048, 2048, 2048]",312.0
1233,9672,14,7,2024-04-20T03:14:11.025000+00:00,27.233,31.113,44.365,269.0,268.0,False,102.711,"[None, 2048, 2048, 2048, 2048, 2048, 2048]","[2049, 2048, 2048, 2048, 2048, 2048]","[2048, 2048, 2048, 2048, 2048, 2048, 2048, 2048, 2048]",302.0
1233,9672,1,7,2024-04-20T03:14:11.722000+00:00,26.972,31.143,43.112,276.0,269.0,False,101.227,"[None, 2049, 2048, 2048, 2048, 2048, 2048]","[2048, 2048, 2048, 2048, 2048, 2048]","[2048, 2048, 2048, 2049, 2049, 2049, 2048, 2048, 2048]",335.0
1233,9672,55,7,2024-04-20T03:14:13.302000+00:00,27.265,30.951,43.285,272.0,270.0,False,101.501,"[None, 2048, 2049, 2048, 2048, 2048, 2048]","[2048, 2048, 2048, 2048, 2048, 2048]","[2048, 2048, 2048, 2048, 2048, 2048, 2048, 2048, 2048]",317.0
1233,9672,11,7,2024-04-20T03:14:14.236000+00:00,26.985,30.967,43.416,268.0,269.0,False,101.368,"[None, 2049, 2048, 2048, 2048, 2048, 2048]","[2048, 2048, 2049, 2048, 2048, 2048]","[2049, 2048, 2048, 2048, 2049, 2048, 2049, 2048, 2048]",332.0
1233,9672,16,7,2024-04-20T03:14:15.160000+00:00,27.096,30.966,43.358,270.0,266.0,False,101.42,"[2049, 2049, 2048, 2048, 2048, 2048, 2048]","[2049, 2048, 2048, 2048, 2048, 2048]","[2048, 2048, 2048, 2048, 2048, 2048, 2049, 2048, 2048]",332.0
1233,9672,4,7,2024-04-20T03:14:15.840000+00:00,27.104,31.077,43.347,267.0,270.0,False,101.528,"[None, 2048, 2048, 2048, 2048, 2048, 2048]","[2048, 2048, 2049, 2048, 2048, 2048]","[2049, 2048, 2048, 2048, 2048, 2048, 2048, 2048, 2048]",331.0
1233,9672,81,7,2024-04-20T03:14:18.222000+00:00,27.437,31.286,43.856,266.0,268.0,False,102.579,"[2048, 2049, 2048, 2048, 2048, 2048, 2048]","[2048, 2048, 2048, 2048, 2048, 2048]","[2048, 2048, 2048, 2048, 2048, 2048, 2048, 2048, 2048]",312.0
1233,9672,24,7,2024-04-20T03:14:21.268000+00:00,27.537,31.098,43.767,269.0,265.0,False,102.402,"[None, 2048, 2048, 2048, 2048, 2048, 2048]","[2048, 2048, 2048, 2048, 2048, 2048]","[2049, 2048, 2048, 2048, 2048, 2048, 2048, 2048, 2049]",311.0
1233,9672,63,7,2024-04-20T03:14:22.403000+00:00,27.317,31.321,43.71,271.0,271.0,False,102.348,"[None, 2048, 2048, 2048, 2048, 2048, 2048]","[2048, 2048, 2049, 2048, 2048, 2048]","[2049, 2048, 2048, 2048, 2048, 2048, 2048, 2048, 2048]",315.0
1233,9672,20,7,2024-04-20T03:14:24.522000+00:00,27.438,31.375,43.72,271.0,267.0,False,102.533,"[None, 2048, 2048, 2048, 2048, 2048, 2048]","[2048, 2048, 2048, 2048, 2048, 2048]","[2049, 2048, 2048, 2048, 2048, 2048, 2048, 2049, 2048]",316.0
1233,9672,77,7,2024-04-20T03:14:25.170000+00:00,27.511,31.333,43.662,272.0,270.0,False,102.506,"[2049, 2049, 2048, 2048, 2048, 2048, 2048]","[2049, 2048, 2048, 2048, 2048, 2048]","[2049, 2048, 2049, 2048, 2048, 2048, 2048, 2048, 2048]",332.0
1233,9672,3,7,2024-04-20T03:14:25.882000+00:00,27.38,31.355,43.665,277.0,271.0,False,102.4,"[None, 2049, 2048, 2049, 2048, 2048, 2048]","[2048, 2048, 2049, 2048, 2048, 2048]","[2048, 2048, 2048, 2048, 2049, 2048, 2048, 2048, 2048]",340.0
1233,9672,18,7,2024-04-20T03:14:26.654000+00:00,27.256,31.226,43.903,,273.0,False,102.385,"[None, 2048, 2049, 2048, 2048, 2048, 2048]","[2048, 2048, 2048, 2049, 2048, 2048]","[2048, 2048, 2048, 2048, 2048, 2048, 2048, 2048, 2048]",337.0
1233,9672,27,7,2024-04-20T03:14:27.343000+00:00,27.355,31.614,43.868,,270.0,False,102.837,"[2051, 2048, 2048, 2049, 2048, 2048, 2048]","[2049, 2048, 2048, 2048, 2048, 2048]","[2049, 2048, 2048, 2048, 2048, 2048, 2049, 2048, 2048]",320.0
1233,9672,31,7,2024-04-20T03:14:28.141000+00:00,26.98,31.528,44.149,271.0,265.0,False,102.657,"[None, 2049, 2048, 2048, 2048, 2048, 2048]","[2048, 2048, 2048, 2048, 2048, 2048]","[2049, 2048, 2048, 2048, 2048, 2048, 2048, 2048, 2048]",329.0
1233,9672,10,7,2024-04-20T03:14:28.803000+00:00,27.302,31.204,44.055,267.0,264.0,False,102.561,"[2048, 2048, 2049, 2048, 2048, 2048, 2048]","[2049, 2048, 2049, 2048, 2048, 2048]","[2048, 2048, 2048, 2048, 2048, 2049, 2048, 2048, 2049]",328.0
1233,9672,22,7,2024-04-20T03:14:29.468000+00:00,27.297,31.415,43.914,267.0,270.0,False,102.626,"[None, 2049, 2048, 2048, 2048, 2048, 2048]","[2048, 2048, 2048, 2048, 2048, 2048]","[2049, 2048, 2048, 2048, 2048, 2048, 2049, 2048, 2048]",336.0
1233,9672,23,7,2024-04-20T03:14:31.597000+00:00,27.248,31.368,43.992,268.0,269.0,False,102.608,"[None, 2048, 2049, 2048, 2049, 2048, 2048]","[2049, 2048, 2048, 2048, 2048, 2048]","[2048, 2048, 2048, 2048, 2048, 2048, 2048, 2049, 2049]",315.0
1233,9672,2,7,2024-04-20T03:14:32.548000+00:00,27.335,31.332,43.849,267.0,269.0,False,102.516,"[None, 2049, 2049, 2048, 2048, 2048, 2048]","[2048, 2048, 2048, 2048, 2048, 2049]","[2049, 2048, 2049, 2048, 2048, 2048, 2049, 2048, 2048]",331.0
1233,9672,44,8,2024-04-20T03:15:51.198000+00:00,27.257,30.655,44.284,269.0,269.0,False,102.196,"[2049, 2049, 2048, 2048, 2048, 2048, 2048]","[2048, 2048, 2048, 2048, 2048, 2048]","[2048, 2048, 2048, 2048, 2048, 2048, 2048, 2048, 2048]",312.0
1233,9672,1,8,2024-04-20T03:15:52.986000+00:00,27.064,30.655,43.372,275.0,263.0,False,101.091,"[2048, 2048, 2049, 2048, 2048, 2048, 2048]","[2049, 2048, 2048, 2048, 2048, 2048]","[2048, 2048, 2048, 2048, 2048, 2048, 2048, 2048, 2048]",314.0
1233,9672,14,8,2024-04-20T03:15:53.609000+00:00,27.325,31.26,43.947,276.0,269.0,False,102.532,"[2049, 2049, 2048, 2048, 2048, 2048, 2048]","[2048, 2048, 2048, 2048, 2048, 2048]","[2048, 2048, 2048, 2048, 2048, 2048, 2048, 2048, 2048]",312.0
1233,9672,55,8,2024-04-20T03:15:54.698000+00:00,27.374,31.014,43.636,276.0,270.0,False,102.024,"[None, 2048, 2048, 2048, 2048, 2048, 2048]","[2048, 2048, 2048, 2048, 2048, 2048]","[2048, 2048, 2048, 2048, 2048, 2048, 2048, 2048, 2048]",330.0
1233,9672,11,8,2024-04-20T03:15:55.626000+00:00,26.891,31.166,43.693,271.0,270.0,False,101.75,"[2048, 2049, 2048, 2048, 2048, 2048, 2048]","[2048, 2048, 2048, 2048, 2048, 2048]","[2048, 2048, 2048, 2049, 2049, 2048, 2048, 2048, 2048]",338.0
1233,9672,16,8,2024-04-20T03:15:56.553000+00:00,27.353,30.744,43.335,272.0,269.0,False,101.432,"[2048, 2048, 2048, 2048, 2048, 2048, 2048]","[2049, 2048, 2049, 2048, 2048, 2048]","[2048, 2048, 2048, 2048, 2049, 2048, 2048, 2048, 2048]",333.0
1233,9672,4,8,2024-04-20T03:15:57.326000+00:00,27.061,31.006,43.542,270.0,270.0,False,101.609,"[None, 2049, 2048, 2048, 2048, 2048, 2048]","[2049, 2048, 2049, 2049, 2048, 2048]","[2048, 2048, 2048, 2048, 2048, 2049, 2048, 2048, 2048]",332.0
1233,9672,81,8,2024-04-20T03:16:00.832000+00:00,27.501,31.181,44.015,267.0,267.0,False,102.697,"[None, 2049, 2048, 2048, 2048, 2048, 2048]","[2048, 2048, 2048, 2048, 2048, 2048]","[2048, 2048, 2048, 2048, 2048, 2048, 2048, 2048, 2048]",311.0
1233,9672,24,8,2024-04-20T03:16:03.694000+00:00,27.695,30.891,44.056,271.0,265.0,False,102.642,"[None, 2048, 2048, 2048, 2048, 2048, 2048]","[2048, 2048, 2049, 2048, 2048, 2048]","[2049, 2048, 2048, 2048, 2048, 2048, 2048, 2048, 2048]",310.0
1233,9672,63,8,2024-04-20T03:16:04.819000+00:00,27.3,30.872,43.809,277.0,270.0,False,101.981,"[None, 2048, 2048, 2048, 2048, 2048, 2048]","[2048, 2048, 2049, 2048, 2048, 2048]","[2049, 2048, 2048, 2048, 2048, 2048, 2048, 2048, 2048]",328.0
1233,9672,20,8,2024-04-20T03:16:07.086000+00:00,27.34,31.221,43.97,274.0,268.0,False,102.531,"[None, 2048, 2049, 2049, 2048, 2048, 2048]","[2048, 2048, 2049, 2048, 2048, 2048]","[2048, 2048, 2048, 2048, 2048, 2048, 2048, 2048, 2048]",315.0
1233,9672,77,8,2024-04-20T03:16:07.721000+00:00,27.338,31.324,43.893,269.0,265.0,False,102.555,"[2048, 2048, 2049, 2049, 2048, 2048, 2048]","[2048, 2048, 2049, 2048, 2048, 2048]","[2048, 2048, 2048, 2048, 2048, 2048, 2049, 2048, 2049]",327.0
1233,9672,3,8,2024-04-20T03:16:08.225000+00:00,27.516,31.227,43.832,,270.0,False,102.575,"[None, 2048, 2048, 2048, 2048, 2048, 2048]","[2049, 2048, 2049, 2048, 2048, 2048]","[2048, 2048, 2048, 2048, 2048, 2048, 2048, 2048, 2048]",337.0
1233,9672,18,8,2024-04-20T03:16:09.065000+00:00,27.372,31.183,44.875,277.0,273.0,False,103.43,"[None, 2048, 2048, 2048, 2048, 2048, 2048]","[2048, 2048, 2049, 2048, 2048, 2048]","[2048, 2048, 2048, 2048, 2048, 2048, 2048, 2049, 2048]",337.0
1233,9672,27,8,2024-04-20T03:16:10.151000+00:00,27.343,31.527,43.896,277.0,269.0,False,102.766,"[2048, 2048, 2048, 2049, 2048, 2048, 2048]","[2048, 2048, 2049, 2048, 2048, 2048]","[2048, 2048, 2048, 2048, 2048, 2048, 2048, 2048, 2048]",317.0
1233,9672,31,8,2024-04-20T03:16:10.763000+00:00,27.026,31.68,44.023,274.0,265.0,False,102.729,"[None, 2049, 2048, 2048, 2048, 2048, 2048]","[2048, 2048, 2049, 2048, 2048, 2048]","[2049, 2048, 2048, 2048, 2048, 2049, 2048, 2048, 2048]",330.0
1233,9672,10,8,2024-04-20T03:16:11.347000+00:00,27.367,31.272,44.017,271.0,263.0,False,102.656,"[None, 2049, 2048, 2048, 2048, 2048, 2048]","[2048, 2048, 2048, 2049, 2048, 2048]","[2048, 2048, 2048, 2048, 2049, 2048, 2048, 2048, 2048]",335.0
1233,9672,22,8,2024-04-20T03:16:12.114000+00:00,27.262,31.406,43.888,271.0,269.0,False,102.556,"[None, 2048, 2048, 2048, 2048, 2048, 2048]","[2048, 2048, 2048, 2048, 2048, 2049]","[2048, 2048, 2048, 2048, 2048, 2048, 2048, 2049, 2049]",335.0
1233,9672,23,8,2024-04-20T03:16:14.232000+00:00,27.337,31.228,43.824,269.0,269.0,False,102.389,"[None, 2048, 2048, 2048, 2048, 2048, 2048]","[2049, 2048, 2048, 2048, 2048, 2048]","[2049, 2048, 2049, 2048, 2048, 2049, 2048, 2049, 2049]",314.0
1233,9672,2,8,2024-04-20T03:16:14.976000+00:00,27.511,31.31,44.195,268.0,268.0,False,103.016,"[None, 2049, 2049, 2048, 2048, 2048, 2048]","[2048, 2048, 2048, 2048, 2048, 2048]","[2049, 2048, 2048, 2048, 2048, 2048, 2048, 2049, 2048]",312.0
1233,9672,44,9,2024-04-20T03:17:33.409000+00:00,27.361,30.864,44.291,271.0,268.0,False,102.516,"[None, 2049, 2048, 2048, 2048, 2048, 2048]","[2048, 2048, 2048, 2048, 2048, 2048]","[2048, 2048, 2048, 2048, 2048, 2048, 2048, 2048, 2048]",312.0
1233,9672,1,9,2024-04-20T03:17:34.127000+00:00,26.952,31.011,43.238,277.0,269.0,False,101.201,"[2049, 2048, 2048, 2048, 2048, 2048, 2049]","[2048, 2048, 2048, 2048, 2048, 2048]","[2048, 2048, 2048, 2048, 2048, 2048, 2048, 2048]",336.0
1233,9672,14,9,2024-04-20T03:17:36.204000+00:00,27.216,31.004,43.789,274.0,269.0,False,102.009,"[2048, 2048, 2048, 2048, 2048, 2048, 2049]","[2048, 2048, 2048, 2048, 2048, 2048]","[2048, 2048, 2048, 2048, 2048, 2048, 2048, 2048, 2048]",312.0
1233,9672,55,9,2024-04-20T03:17:36.851000+00:00,27.029,31.339,43.663,,271.0,False,102.031,"[2049, 2049, 2048, 2048, 2048, 2048, 2049]","[2048, 2048, 2048, 2048, 2048, 2048]","[2048, 2048, 2048, 2048, 2048, 2048, 2048, 2048, 2048]",331.0
1233,9672,11,9,2024-04-20T03:17:37.450000+00:00,26.973,31.279,43.691,279.0,271.0,False,101.943,"[2049, 2049, 2048, 2048, 2048, 2048, 2048]","[2048, 2048, 2048, 2048, 2048, 2049]","[2048, 2048, 2048, 2048, 2048, 2048, 2048, 2049, 2048]",337.0
1233,9672,16,9,2024-04-20T03:17:37.994000+00:00,27.138,31.317,43.642,279.0,271.0,False,102.097,"[2051, 2049, 2048, 2048, 2048, 2048, 2048]","[2048, 2048, 2048, 2048, 2048, 2049]","[2048, 2048, 2048, 2048, 2049, 2048, 2048, 2048, 2051]",337.0
1233,9672,4,9,2024-04-20T03:17:38.976000+00:00,26.81,31.398,43.952,272.0,272.0,False,102.16,"[None, 2049, 2048, 2048, 2048, 2048, 2048]","[2048, 2048, 2048, 2048, 2048, 2048]","[2048, 2048, 2048, 2048, 2048, 2048, 2048, 2048, 2048]",331.0
1233,9672,81,9,2024-04-20T03:17:43.501000+00:00,27.423,31.224,44.002,269.0,267.0,False,102.649,"[None, 2048, 2048, 2048, 2048, 2048, 2048]","[2048, 2048, 2048, 2048, 2048, 2048]","[2048, 2048, 2048, 2048, 2048, 2048, 2048, 2049, 2049]",311.0
1233,9672,24,9,2024-04-20T03:17:46.363000+00:00,27.613,31.924,44.012,274.0,268.0,False,103.549,"[None, 2048, 2048, 2048, 2048, 2048, 2048]","[2048, 2048, 2048, 2048, 2048, 2048]","[2048, 2048, 2048, 2048, 2049, 2048, 2048, 2048, 2049]",329.0
1233,9672,63,9,2024-04-20T03:17:46.816000+00:00,27.207,31.158,43.803,283.0,269.0,False,102.168,"[None, 2048, 2048, 2048, 2048, 2048, 2048]","[2049, 2048, 2048, 2048, 2048, 2048]","[2049, 2048, 2048, 2048, 2048, 2048, 2048, 2049]",311.0
1233,9672,20,9,2024-04-20T03:17:49.666000+00:00,27.378,31.141,43.866,277.0,269.0,False,102.385,"[None, 2048, 2048, 2048, 2048, 2048, 2048]","[2049, 2048, 2049, 2048, 2048, 2048]","[2048, 2048, 2048, 2048, 2048, 2048, 2048, 2049, 2048]",314.0
1233,9672,77,9,2024-04-20T03:17:50.292000+00:00,27.384,31.299,43.834,277.0,270.0,False,102.517,"[2049, 2049, 2048, 2048, 2048, 2048, 2048]","[2048, 2048, 2049, 2048, 2048, 2048]","[2048, 2048, 2048, 2048, 2048, 2048, 2048, 2048, 2048]",330.0
1233,9672,3,9,2024-04-20T03:17:50.917000+00:00,27.521,31.463,43.751,278.0,270.0,False,102.735,"[None, 2049, 2048, 2048, 2048, 2048, 2048]","[2048, 2048, 2048, 2048, 2048, 2048]","[2048, 2048, 2048, 2048, 2048, 2048, 2048, 2048, 2048]",336.0
1233,9672,18,9,2024-04-20T03:17:52.447000+00:00,27.32,31.166,43.994,276.0,271.0,False,102.48,"[2048, 2048, 2049, 2048, 2048, 2048, 2048]","[2048, 2048, 2049, 2049, 2049, 2048]","[2049, 2048, 2048, 2048, 2048, 2048, 2049, 2049, 2049]",314.0
1233,9672,27,9,2024-04-20T03:17:52.971000+00:00,27.432,32.294,43.708,279.0,268.0,False,103.434,"[None, 2048, 2048, 2048, 2048, 2048, 2048]","[2048, 2048, 2048, 2048, 2048, 2048]","[2048, 2048, 2048, 2048, 2048, 2048, 2048, 2048, 2048]",334.0
1233,9672,31,9,2024-04-20T03:17:53.636000+00:00,26.949,31.263,44.079,286.0,266.0,False,102.291,"[2049, 2049, 2048, 2048, 2048, 2048, 2049]","[2049, 2048, 2048, 2048, 2048, 2048]","[2048, 2048, 2048, 2048, 2048, 2048, 2048, 2049, 2049]",326.0
1233,9672,10,9,2024-04-20T03:17:54.094000+00:00,27.325,31.671,43.919,273.0,264.0,False,102.915,"[2049, 2049, 2049, 2048, 2048, 2048, 2048]","[2048, 2048, 2048, 2048, 2048, 2048]","[2048, 2048, 2048, 2048, 2049, 2048, 2048, 2048, 2048]",341.0
1233,9672,22,9,2024-04-20T03:17:54.731000+00:00,27.5,31.576,44.191,270.0,270.0,False,103.267,"[2049, 2051, 2049, 2048, 2048, 2048, 2048]","[2048, 2048, 2048, 2048, 2048, 2048]","[2048, 2048, 2048, 2048, 2049, 2048, 2049, 2048, 2048]",337.0
1233,9672,23,9,2024-04-20T03:17:56.612000+00:00,27.396,31.387,43.985,271.0,269.0,False,102.768,"[None, 2048, 2048, 2048, 2048, 2048, 2048]","[2049, 2048, 2048, 2048, 2048, 2048]","[2048, 2048, 2048, 2048, 2048, 2048, 2048, 2049, 2049]",316.0
1233,9672,2,9,2024-04-20T03:17:58.131000+00:00,27.587,31.309,44.187,269.0,267.0,False,103.083,"[None, 2048, 2049, 2049, 2048, 2048, 2048]","[2049, 2048, 2049, 2048, 2048, 2048]","[2048, 2048, 2048, 2048, 2048, 2048, 2049, 2048, 2049]",313.0
1233,9672,1,10,2024-04-20T03:19:15.208000+00:00,27.079,30.408,43.264,272.0,262.0,False,100.751,"[2048, 2048, 2048, 2048, 2048, 2048, 2048]","[2051, 2048, 2048, 2048, 2048, 2048]","[2048, 2048, 2048, 2048, 2048, 2048, 2048, 2048, 2049]",312.0
1233,9672,44,10,2024-04-20T03:19:15.833000+00:00,27.272,31.135,43.925,274.0,268.0,False,102.332,"[None, 2049, 2048, 2048, 2048, 2048, 2048]","[2048, 2048, 2048, 2048, 2048, 2048]","[2048, 2048, 2048, 2048, 2049, 2048, 2048, 2048, 2048]",312.0
1233,9672,14,10,2024-04-20T03:19:18.193000+00:00,27.479,31.069,43.697,273.0,268.0,False,102.245,"[None, 2048, 2048, 2048, 2048, 2048, 2048]","[2048, 2048, 2048, 2048, 2048, 2048]","[2048, 2048, 2048, 2048, 2048, 2048, 2048, 2048, 2048]",311.0
1233,9672,55,10,2024-04-20T03:19:18.857000+00:00,27.207,31.421,43.732,277.0,268.0,False,102.36,"[2048, 2049, 2048, 2048, 2048, 2048, 2048]","[2048, 2048, 2048, 2048, 2048, 2048]","[2048, 2048, 2048, 2048, 2049, 2048, 2048, 2048, 2048]",330.0
1233,9672,11,10,2024-04-20T03:19:19.282000+00:00,27.043,31.556,43.798,280.0,269.0,False,102.397,"[None, 2049, 2048, 2048, 2048, 2048, 2048]","[2048, 2049, 2048, 2048, 2048, 2048]","[2048, 2048, 2048, 2049, 2049, 2048, 2048, 2048, 2048]",340.0
1233,9672,16,10,2024-04-20T03:19:19.983000+00:00,27.255,31.305,43.666,277.0,269.0,False,102.226,"[2048, 2048, 2048, 2048, 2048, 2048, 2048]","[2048, 2048, 2048, 2048, 2048, 2048]","[2048, 2048, 2048, 2049, 2049, 2048, 2048, 2048, 2048]",337.0
1233,9672,4,10,2024-04-20T03:19:21.148000+00:00,26.886,31.422,43.604,,269.0,False,101.912,"[None, 2049, 2048, 2048, 2048, 2048, 2048]","[2048, 2048, 2048, 2048, 2048, 2048]","[2048, 2048, 2048, 2048, 2049, 2048, 2048, 2048, 2048]",333.0
1233,9672,81,10,2024-04-20T03:19:26.194000+00:00,27.488,31.147,43.844,267.0,266.0,False,102.479,"[None, 2048, 2048, 2048, 2048, 2048, 2048]","[2048, 2048, 2048, 2048, 2048, 2048]","[2048, 2048, 2048, 2048, 2049, 2048, 2048, 2049, 2049]",311.0
1233,9672,63,10,2024-04-20T03:19:28.867000+00:00,27.159,31.205,43.916,274.0,268.0,False,102.28,"[None, 2048, 2048, 2048, 2048, 2048, 2048]","[2048, 2048, 2048, 2048, 2048, 2048]","[2048, 2048, 2048, 2048, 2048, 2048, 2048, 2048, 2049]",311.0
1233,9672,24,10,2024-04-20T03:19:29.741000+00:00,27.471,31.461,43.914,275.0,267.0,False,102.846,"[2049, 2049, 2048, 2048, 2048, 2048, 2048]","[2048, 2048, 2048, 2048, 2048, 2048]","[2048, 2048, 2048, 2048, 2048, 2048, 2048, 2049, 2048]",311.0
1233,9672,20,10,2024-04-20T03:19:32.112000+00:00,27.453,31.249,43.846,275.0,267.0,False,102.548,"[None, 2048, 2048, 2048, 2048, 2048, 2048]","[2048, 2048, 2049, 2048, 2048, 2048]","[2048, 2048, 2048, 2048, 2049, 2048, 2048, 2048, 2048]",314.0
1233,9672,77,10,2024-04-20T03:19:32.777000+00:00,27.526,31.304,43.714,272.0,269.0,False,102.544,"[2048, 2048, 2048, 2048, 2048, 2048, 2048]","[2048, 2048, 2049, 2048, 2048, 2048]","[2048, 2048, 2048, 2048, 2048, 2048, 2048, 2049, 2049]",330.0
1233,9672,3,10,2024-04-20T03:19:33.541000+00:00,27.243,31.511,43.988,279.0,271.0,False,102.742,"[None, 2048, 2049, 2048, 2048, 2048, 2048]","[2048, 2048, 2048, 2048, 2048, 2048]","[2048, 2048, 2048, 2048, 2048, 2048, 2048, 2048, 2048]",334.0
1233,9672,18,10,2024-04-20T03:19:34.861000+00:00,,31.279,43.906,274.0,270.0,False,102.505,"[None, 2048, 2048, 2048, 2048, 2048, 2048]","[2048, 2048, 2048, 2048, 2048, 2048]","[2049, 2048, 2048, 2048, 2048, 2048, 2048, 2049, 2048]",317.0
1233,9672,31,10,2024-04-20T03:19:35.694000+00:00,27.016,31.308,44.079,272.0,266.0,False,102.403,"[2048, 2048, 2048, 2048, 2048, 2048, 2048]","[2048, 2048, 2049, 2048, 2048, 2048]","[2049, 2048, 2048, 2048, 2048, 2048, 2048, 2049, 2049]",329.0
1233,9672,27,10,2024-04-20T03:19:36.450000+00:00,27.453,31.757,44.706,278.0,269.0,False,103.916,"[2051, 2051, 2048, 2048, 2048, 2048, 2048]","[2049, 2048, 2048, 2048, 2048, 2048]","[2049, 2048, 2048, 2048, 2048, 2048, 2048, 2048, 2048]",316.0
1233,9672,10,10,2024-04-20T03:19:36.973000+00:00,27.322,31.698,43.819,,260.0,False,102.839,"[2048, 2048, 2048, 2048, 2048, 2048, 2048]","[2048, 2048, 2048, 2048, 2048, 2048]","[2048, 2048, 2048, 2048, 2048, 2049, 2048, 2049, 2048]",333.0
1233,9672,22,10,2024-04-20T03:19:37.947000+00:00,27.486,31.212,44.152,273.0,270.0,False,102.85,"[2048, 2048, 2048, 2048, 2048, 2048, 2048]","[2049, 2048, 2048, 2048, 2048, 2049]","[2048, 2048, 2048, 2048, 2049, 2048, 2048, 2048, 2048]",335.0
1233,9672,23,10,2024-04-20T03:19:39.332000+00:00,27.531,31.426,44.137,,268.0,False,103.094,"[None, 2048, 2048, 2048, 2048, 2048, 2048]","[2048, 2048, 2048, 2048, 2048, 2048]","[2048, 2048, 2048, 2048, 2048, 2048, 2048, 2048, 2048]",313.0
1233,9672,2,10,2024-04-20T03:19:41.219000+00:00,27.473,31.207,44.113,,267.0,False,102.793,"[None, 2048, 2049, 2048, 2048, 2049, 2048]","[2049, 2048, 2049, 2048, 2048, 2048]","[2048, 2048, 2048, 2048, 2048, 2048, 2048, 2048, 2048]",311.0
1233,9672,1,11,2024-04-20T03:20:56.108000+00:00,27.411,30.708,43.109,273.0,266.0,False,101.228,"[None, 2048, 2048, 2048, 2048, 2048, 2048]","[2048, 2048, 2048, 2048, 2048, 2048]","[2048, 2048, 2048, 2048, 2048, 2049, 2048, 2051, 2049]",313.0
1233,9672,44,11,2024-04-20T03:20:58.097000+00:00,27.512,30.992,43.801,272.0,269.0,False,102.305,"[2048, 2048, 2049, 2048, 2048, 2048, 2048]","[2048, 2048, 2048, 2048, 2048, 2048]","[2048, 2048, 2048, 2048, 2048, 2048, 2048, 2048, 2048]",312.0
1233,9672,14,11,2024-04-20T03:21:00.536000+00:00,27.342,31.2,43.919,,270.0,False,102.461,"[None, 2048, 2048, 2048, 2048, 2048, 2048]","[2048, 2048, 2048, 2048, 2048, 2048]","[2048, 2048, 2048, 2048, 2048, 2048, 2048, 2048, 2048]",312.0
1233,9672,55,11,2024-04-20T03:21:01.236000+00:00,27.327,31.392,43.707,272.0,267.0,False,102.426,"[None, 2048, 2048, 2048, 2048, 2048, 2048]","[2048, 2048, 2048, 2048, 2048, 2048]","[2048, 2048, 2048, 2048, 2048, 2048, 2048, 2048, 2048]",331.0
1233,9672,11,11,2024-04-20T03:21:01.870000+00:00,27.121,31.558,43.681,276.0,271.0,False,102.36,"[None, 2049, 2048, 2048, 2048, 2048, 2048]","[2048, 2048, 2048, 2048, 2048, 2048]","[2048, 2048, 2048, 2048, 2048, 2048, 2048, 2048, 2048]",340.0
1233,9672,16,11,2024-04-20T03:21:02.264000+00:00,27.214,31.438,43.712,276.0,272.0,False,102.364,"[None, 2048, 2048, 2048, 2048, 2048, 2048]","[2048, 2048, 2048, 2048, 2048, 2048]","[2048, 2048, 2048, 2049, 2049, 2048, 2048, 2049, 2048]",339.0
1233,9672,4,11,2024-04-20T03:21:03.087000+00:00,27.07,31.657,43.919,270.0,271.0,False,102.646,"[2049, 2049, 2048, 2048, 2048, 2048, 2048]","[2048, 2048, 2048, 2048, 2048, 2048]","[2048, 2048, 2048, 2048, 2048, 2048, 2048, 2048, 2048]",331.0
1233,9672,81,11,2024-04-20T03:21:08.637000+00:00,27.466,31.227,43.866,266.0,268.0,False,102.559,"[2049, 2048, 2048, 2048, 2048, 2048, 2048]","[2048, 2048, 2048, 2048, 2048, 2048]","[2048, 2048, 2048, 2048, 2048, 2048, 2048, 2049, 2051]",311.0
1233,9672,63,11,2024-04-20T03:21:11.244000+00:00,27.225,30.967,43.851,275.0,270.0,False,102.043,"[None, 2048, 2048, 2048, 2048, 2048, 2048]","[2048, 2048, 2048, 2048, 2048, 2048]","[2049, 2048, 2048, 2048, 2048, 2048, 2048, 2049, 2048]",311.0
1233,9672,24,11,2024-04-20T03:21:12.621000+00:00,27.782,31.216,43.915,270.0,264.0,False,102.913,"[2048, 2048, 2048, 2048, 2048, 2048, 2048]","[2048, 2048, 2048, 2048, 2048, 2048]","[2048, 2048, 2048, 2048, 2048, 2048, 2048, 2048, 2048]",309.0
1233,9672,20,11,2024-04-20T03:21:14.695000+00:00,27.467,31.344,44.043,273.0,268.0,False,102.854,"[None, 2048, 2048, 2048, 2048, 2048, 2048]","[2048, 2048, 2049, 2048, 2048, 2048]","[2048, 2048, 2048, 2048, 2049, 2048, 2048, 2049, 2048]",315.0
1233,9672,77,11,2024-04-20T03:21:15.390000+00:00,27.463,31.332,43.966,,268.0,False,102.761,"[2049, 2048, 2049, 2048, 2048, 2048, 2048]","[2048, 2048, 2049, 2048, 2048, 2048]","[2048, 2048, 2048, 2048, 2048, 2048, 2048, 2049, 2048]",330.0
1233,9672,3,11,2024-04-20T03:21:16.249000+00:00,27.289,31.373,43.889,276.0,271.0,False,102.551,"[None, 2048, 2049, 2048, 2048, 2048, 2048]","[2048, 2048, 2049, 2048, 2048, 2048]","[2049, 2048, 2048, 2048, 2048, 2048, 2048, 2049, 2049]",334.0
1233,9672,18,11,2024-04-20T03:21:17.419000+00:00,27.399,31.195,44.076,271.0,272.0,False,102.67,"[None, 2048, 2048, 2049, 2048, 2048, 2048]","[2048, 2048, 2048, 2049, 2048, 2048]","[2048, 2048, 2048, 2048, 2048, 2048, 2048, 2048, 2049]",317.0
1233,9672,31,11,2024-04-20T03:21:18.224000+00:00,27.01,31.319,44.141,271.0,266.0,False,102.47,"[None, 2048, 2048, 2049, 2048, 2048, 2048]","[2048, 2048, 2048, 2049, 2048, 2048]","[2048, 2048, 2048, 2048, 2048, 2048, 2048, 2049, 2048]",328.0
1233,9672,10,11,2024-04-20T03:21:19.701000+00:00,27.393,31.14,43.825,267.0,261.0,False,102.358,"[None, 2048, 2049, 2048, 2048, 2048, 2048]","[2049, 2048, 2049, 2048, 2048, 2048]","[2049, 2048, 2048, 2048, 2048, 2049, 2048, 2049, 2048]",307.0
1233,9672,27,11,2024-04-20T03:21:20.295000+00:00,27.709,32.461,43.835,277.0,269.0,False,104.005,"[2048, 2048, 2048, 2048, 2048, 2048, 2048]","[2048, 2048, 2048, 2048, 2048, 2048]","[2048, 2048, 2048, 2048, 2048, 2049, 2048, 2048, 2048]",333.0
1233,9672,22,11,2024-04-20T03:21:20.840000+00:00,27.315,31.378,44.142,271.0,268.0,False,102.835,"[2049, 2051, 2048, 2048, 2048, 2048, 2048]","[2048, 2048, 2048, 2048, 2048, 2048]","[2049, 2048, 2048, 2048, 2048, 2048, 2048, 2048]",316.0
1233,9672,23,11,2024-04-20T03:21:22.460000+00:00,27.544,31.474,43.864,272.0,269.0,False,102.882,"[None, 2048, 2049, 2048, 2048, 2048, 2048]","[2048, 2048, 2049, 2048, 2048, 2048]","[2048, 2048, 2048, 2048, 2048, 2048, 2049, 2048, 2048]",334.0
1233,9672,2,11,2024-04-20T03:21:23.891000+00:00,27.609,31.108,44.207,271.0,269.0,False,102.924,"[None, 2048, 2048, 2048, 2048, 2048, 2048]","[2048, 2048, 2048, 2049, 2048, 2048]","[2048, 2048, 2048, 2048, 2048, 2048, 2049, 2049, 2048]",313.0
1233,9672,1,12,2024-04-20T03:22:37.346000+00:00,27.243,30.578,43.402,,265.0,False,101.223,"[None, 2048, 2048, 2048, 2048, 2048, 2048]","[2048, 2048, 2048, 2048, 2048, 2048]","[2049, 2048, 2048, 2048, 2048, 2048, 2048, 2048, 2048]",312.0
1233,9672,44,12,2024-04-20T03:22:40.470000+00:00,27.472,31.032,43.87,,268.0,False,102.374,"[None, 2048, 2048, 2048, 2048, 2048, 2048]","[2048, 2048, 2048, 2048, 2048, 2048]","[2048, 2048, 2048, 2048, 2048, 2048, 2049, 2049, 2049]",311.0
1233,9672,14,12,2024-04-20T03:22:42.931000+00:00,27.39,31.121,43.867,271.0,268.0,False,102.378,"[None, 2048, 2048, 2048, 2048, 2048, 2048]","[2048, 2048, 2048, 2048, 2048, 2048]","[2048, 2048, 2048, 2048, 2048, 2048, 2048, 2049, 2048]",311.0
1233,9672,55,12,2024-04-20T03:22:43.658000+00:00,27.271,31.44,43.661,278.0,270.0,False,102.372,"[None, 2048, 2048, 2048, 2048, 2048, 2048]","[2048, 2048, 2048, 2048, 2048, 2048]","[2048, 2048, 2048, 2048, 2048, 2048, 2048, 2048, 2048]",331.0
1233,9672,11,12,2024-04-20T03:22:44.139000+00:00,27.052,31.716,43.625,279.0,269.0,False,102.393,"[None, 2048, 2048, 2048, 2048, 2048, 2048]","[2048, 2048, 2048, 2048, 2048, 2048]","[2048, 2048, 2048, 2048, 2048, 2048, 2048, 2048, 2048]",338.0
1233,9672,16,12,2024-04-20T03:22:44.750000+00:00,27.26,31.402,43.871,275.0,268.0,False,102.533,"[None, 2048, 2048, 2048, 2048, 2048, 2048]","[2048, 2048, 2048, 2048, 2048, 2048]","[2048, 2048, 2048, 2048, 2048, 2048, 2048, 2048, 2048]",338.0
1233,9672,4,12,2024-04-20T03:22:45.768000+00:00,27.254,31.276,43.78,,269.0,False,102.31,"[2048, 2048, 2049, 2048, 2048, 2048, 2048]","[2048, 2048, 2048, 2048, 2048, 2048]","[2048, 2048, 2048, 2048, 2048, 2049, 2048, 2048, 2048]",332.0
1233,9672,81,12,2024-04-20T03:22:51.244000+00:00,27.494,31.144,43.856,267.0,267.0,False,102.494,"[2048, 2049, 2048, 2048, 2048, 2048, 2048]","[2048, 2048, 2048, 2048, 2048, 2048]","[2048, 2048, 2048, 2048, 2048, 2048, 2048, 2048, 2048]",310.0
1233,9672,63,12,2024-04-20T03:22:53.269000+00:00,27.283,30.894,44.409,276.0,268.0,False,102.586,"[None, 2048, 2048, 2048, 2048, 2048, 2048]","[2049, 2048, 2048, 2048, 2048, 2048]","[2048, 2048, 2048, 2048, 2048, 2048, 2048, 2048, 2048]",311.0
1233,9672,24,12,2024-04-20T03:22:55.618000+00:00,27.621,31.229,43.976,273.0,266.0,False,102.826,"[None, 2048, 2048, 2048, 2048, 2048, 2048]","[2048, 2048, 2049, 2048, 2048, 2048]","[2049, 2048, 2048, 2048, 2048, 2048, 2048, 2048, 2048]",309.0
1233,9672,20,12,2024-04-20T03:22:57.444000+00:00,27.48,31.518,44.075,275.0,268.0,False,103.073,"[None, 2048, 2049, 2048, 2048, 2048, 2048]","[2049, 2048, 2048, 2048, 2048, 2048]","[2048, 2048, 2048, 2048, 2048, 2048, 2048, 2048, 2048]",315.0
1233,9672,77,12,2024-04-20T03:22:58.106000+00:00,27.529,31.471,44.033,,270.0,False,103.033,"[2048, 2048, 2048, 2048, 2048, 2048, 2048]","[2048, 2048, 2048, 2048, 2048, 2048]","[2048, 2048, 2048, 2048, 2048, 2048, 2048, 2048, 2048]",330.0
1233,9672,3,12,2024-04-20T03:22:58.904000+00:00,27.397,31.478,44.049,279.0,271.0,False,102.924,"[None, 2048, 2048, 2048, 2048, 2048, 2048]","[2048, 2048, 2048, 2048, 2048, 2048]","[2048, 2048, 2048, 2048, 2048, 2048, 2048, 2048, 2048]",334.0
1233,9672,18,12,2024-04-20T03:23:00.058000+00:00,27.508,31.195,44.311,274.0,270.0,False,103.014,"[None, 2048, 2048, 2048, 2048, 2048, 2048]","[2048, 2048, 2049, 2048, 2048, 2048]","[2048, 2048, 2048, 2048, 2048, 2048, 2049, 2048, 2048]",318.0
1233,9672,31,12,2024-04-20T03:23:00.780000+00:00,27.137,31.332,44.351,275.0,267.0,False,102.82,"[None, 2048, 2048, 2048, 2048, 2048, 2048]","[2048, 2048, 2049, 2048, 2048, 2048]","[2048, 2048, 2048, 2048, 2048, 2048, 2048, 2048, 2048]",332.0
1233,9672,10,12,2024-04-20T03:23:02.217000+00:00,27.381,31.203,44.004,268.0,261.0,False,102.588,"[None, 2048, 2048, 2048, 2048, 2048, 2048]","[2048, 2048, 2048, 2048, 2048, 2048]","[2048, 2048, 2048, 2048, 2048, 2048, 2048, 2048, 2048]",308.0
1233,9672,22,12,2024-04-20T03:23:03.560000+00:00,27.502,31.24,43.97,,267.0,False,102.712,"[2048, 2048, 2048, 2048, 2048, 2048, 2048]","[2049, 2048, 2048, 2048, 2048, 2048]","[2049, 2048, 2048, 2048, 2048, 2048, 2048, 2049, 2048]",314.0
1233,9672,27,12,2024-04-20T03:23:04.478000+00:00,27.518,31.728,43.952,,270.0,False,103.198,"[None, 2048, 2048, 2048, 2048, 2048, 2048]","[2048, 2048, 2049, 2048, 2048, 2048]","[2049, 2048, 2048, 2048, 2048, 2048, 2048, 2048, 2048]",316.0
1233,9672,23,12,2024-04-20T03:23:05.246000+00:00,27.473,31.55,43.99,271.0,270.0,False,103.013,"[2049, 2049, 2048, 2048, 2048, 2048, 2048]","[2048, 2048, 2048, 2048, 2048, 2048]","[2048, 2048, 2048, 2048, 2048, 2048, 2048, 2048, 2048]",332.0
1233,9672,2,12,2024-04-20T03:23:06.824000+00:00,27.5,31.375,44.307,272.0,268.0,False,103.182,"[None, 2048, 2049, 2048, 2048, 2048, 2048]","[2049, 2048, 2049, 2048, 2048, 2048]","[2048, 2048, 2048, 2048, 2048, 2048, 2049, 2048, 2048]",313.0
1233,9672,1,13,2024-04-20T03:24:18.488000+00:00,27.226,30.544,43.21,275.0,266.0,False,100.98,"[None, 2048, 2048, 2048, 2048, 2048, 2048]","[2048, 2048, 2048, 2048, 2048, 2048]","[2049, 2048, 2048, 2048, 2048, 2048, 2048, 2048, 2048]",314.0
1233,9672,44,13,2024-04-20T03:24:22.800000+00:00,27.473,31.172,43.804,271.0,268.0,False,102.449,"[None, 2048, 2048, 2048, 2048, 2048, 2048]","[2048, 2048, 2048, 2048, 2048, 2048]","[2048, 2048, 2048, 2048, 2048, 2048, 2049, 2049, 2048]",312.0
1233,9672,14,13,2024-04-20T03:24:25.224000+00:00,27.684,31.268,43.476,275.0,268.0,False,102.428,"[None, 2048, 2048, 2048, 2048, 2048, 2048]","[2048, 2048, 2048, 2048, 2048, 2048]","[2048, 2048, 2048, 2048, 2048, 2048, 2048, 2048, 2048]",312.0
1233,9672,55,13,2024-04-20T03:24:26.047000+00:00,27.379,31.5,43.513,275.0,270.0,False,102.392,"[None, 2048, 2048, 2048, 2048, 2048, 2048]","[2048, 2048, 2048, 2048, 2048, 2048]","[2048, 2048, 2048, 2048, 2049, 2048, 2048, 2048, 2048]",331.0
1233,9672,11,13,2024-04-20T03:24:26.514000+00:00,27.282,31.634,43.556,275.0,269.0,False,102.472,"[None, 2048, 2048, 2048, 2048, 2048, 2048]","[2048, 2048, 2048, 2048, 2048, 2048]","[2048, 2048, 2048, 2048, 2048, 2048, 2048, 2048, 2048]",338.0
1233,9672,16,13,2024-04-20T03:24:27.213000+00:00,27.349,31.402,43.614,276.0,270.0,False,102.365,"[None, 2048, 2048, 2048, 2048, 2048, 2048]","[2048, 2048, 2048, 2048, 2048, 2048]","[2048, 2048, 2048, 2049, 2048, 2048, 2048, 2048, 2048]",339.0
1233,9672,4,13,2024-04-20T03:24:28.007000+00:00,27.21,31.557,43.907,272.0,270.0,False,102.674,"[None, 2049, 2048, 2048, 2048, 2048, 2048]","[2048, 2048, 2048, 2048, 2048, 2048]","[2048, 2048, 2048, 2048, 2048, 2048, 2048, 2048, 2048]",330.0
1233,9672,81,13,2024-04-20T03:24:33.760000+00:00,27.498,31.24,43.777,270.0,267.0,False,102.515,"[None, 2048, 2048, 2048, 2048, 2048, 2048]","[2048, 2048, 2048, 2048, 2048, 2048]","[2048, 2048, 2048, 2048, 2048, 2048, 2048, 2048, 2048]",311.0
1233,9672,63,13,2024-04-20T03:24:35.910000+00:00,27.486,31.266,43.772,275.0,267.0,False,102.524,"[None, 2048, 2048, 2048, 2048, 2048, 2048]","[2048, 2048, 2048, 2048, 2048, 2048]","[2048, 2048, 2048, 2048, 2048, 2048, 2049, 2048, 2049]",312.0
1233,9672,24,13,2024-04-20T03:24:38.376000+00:00,27.776,31.218,44.058,,265.0,False,103.052,"[None, 2048, 2048, 2048, 2048, 2048, 2048]","[2048, 2048, 2048, 2048, 2048, 2048]","[2048, 2048, 2048, 2049, 2048, 2048, 2048, 2048, 2048]",311.0
1233,9672,20,13,2024-04-20T03:24:40.575000+00:00,27.717,31.463,44.269,272.0,264.0,False,103.449,"[None, 2048, 2048, 2048, 2048, 2048, 2048]","[2048, 2048, 2048, 2048, 2048, 2048]","[2048, 2048, 2048, 2049, 2049, 2048, 2048, 2048, 2048]",314.0
1233,9672,77,13,2024-04-20T03:24:41.094000+00:00,27.73,31.543,44.138,273.0,267.0,False,103.411,"[None, 2048, 2048, 2048, 2048, 2048, 2048]","[2048, 2048, 2048, 2048, 2048, 2048]","[2048, 2048, 2048, 2048, 2048, 2048, 2048, 2048, 2048]",332.0
1233,9672,3,13,2024-04-20T03:24:41.761000+00:00,27.594,31.682,44.076,273.0,269.0,False,103.352,"[None, 2048, 2048, 2048, 2048, 2048, 2048]","[2048, 2048, 2048, 2048, 2048, 2048]","[2048, 2048, 2048, 2048, 2049, 2048, 2048, 2048, 2048]",338.0
1233,9672,18,13,2024-04-20T03:24:43.115000+00:00,27.644,31.494,44.256,259.0,269.0,False,103.394,"[None, 2048, 2048, 2048, 2048, 2048, 2048]","[2048, 2048, 2048, 2048, 2048, 2048]","[2048, 2048, 2048, 2048, 2048, 2048, 2048, 2048, 2048]",316.0
1233,9672,31,13,2024-04-20T03:24:43.505000+00:00,27.313,31.789,44.336,273.0,265.0,False,103.438,"[None, 2048, 2048, 2048, 2048, 2048, 2048]","[2048, 2048, 2048, 2048, 2048, 2048]","[2048, 2048, 2048, 2049, 2048, 2048, 2048, 2048, 2048]",335.0
1233,9672,10,13,2024-04-20T03:24:44.721000+00:00,27.585,31.361,43.975,271.0,260.0,False,102.921,"[None, 2048, 2048, 2048, 2048, 2048, 2048]","[2048, 2048, 2048, 2048, 2048, 2048]","[2048, 2048, 2048, 2048, 2048, 2048, 2048, 2048, 2048]",327.0
1233,9672,22,13,2024-04-20T03:24:46.417000+00:00,27.629,31.21,43.88,272.0,268.0,False,102.719,"[None, 2048, 2048, 2048, 2048, 2048, 2048]","[2048, 2048, 2049, 2048, 2048, 2049]","[2048, 2048, 2048, 2048, 2048, 2048, 2048, 2049, 2048]",316.0
1233,9672,27,13,2024-04-20T03:24:47.523000+00:00,27.7,31.538,44.814,276.0,267.0,False,104.052,"[None, 2048, 2048, 2048, 2048, 2048, 2048]","[2049, 2048, 2048, 2049, 2048, 2048]","[2049, 2048, 2048, 2048, 2048, 2048, 2048, 2048, 2048]",317.0
1233,9672,23,13,2024-04-20T03:24:48.281000+00:00,27.587,31.605,44.222,272.0,268.0,False,103.414,"[2048, 2048, 2048, 2048, 2048, 2048, 2048]","[2048, 2048, 2048, 2048, 2048, 2048]","[2048, 2048, 2048, 2049, 2048, 2048, 2048, 2048, 2048]",333.0
1233,9672,2,13,2024-04-20T03:24:50.044000+00:00,27.62,31.214,44.255,273.0,267.0,False,103.089,"[None, 2048, 2049, 2048, 2048, 2048, 2048]","[2048, 2048, 2048, 2048, 2048, 2048]","[2048, 2048, 2049, 2049, 2048, 2048, 2048, 2048, 2048]",313.0
1233,9672,1,14,2024-04-20T03:25:59.526000+00:00,27.394,30.647,43.188,274.0,265.0,False,101.229,"[None, 2048, 2048, 2048, 2048, 2048, 2048]","[2048, 2048, 2048, 2048, 2048, 2048]","[2049, 2048, 2048, 2048, 2048, 2048, 2048, 2048, 2048]",313.0
1233,9672,44,14,2024-04-20T03:26:05.246000+00:00,27.561,31.066,43.72,272.0,267.0,False,102.347,"[None, 2048, 2048, 2048, 2048, 2048, 2048]","[2048, 2048, 2048, 2048, 2048, 2048]","[2048, 2048, 2048, 2049, 2049, 2048, 2048, 2048, 2048]",312.0
1233,9672,14,14,2024-04-20T03:26:07.645000+00:00,27.666,31.303,43.895,273.0,268.0,False,102.864,"[None, 2048, 2048, 2048, 2048, 2048, 2048]","[2048, 2048, 2048, 2048, 2048, 2048]","[2048, 2048, 2048, 2048, 2048, 2048, 2048, 2048, 2048]",311.0
1233,9672,55,14,2024-04-20T03:26:08.323000+00:00,27.353,31.53,43.767,274.0,270.0,False,102.65,"[None, 2048, 2048, 2048, 2048, 2048, 2048]","[2048, 2048, 2048, 2048, 2048, 2048]","[2048, 2048, 2048, 2048, 2049, 2048, 2048, 2048, 2048]",332.0
1233,9672,11,14,2024-04-20T03:26:09.010000+00:00,27.183,31.526,43.944,277.0,269.0,False,102.653,"[2048, 2048, 2048, 2048, 2048, 2048, 2048]","[2048, 2048, 2048, 2048, 2048, 2048]","[2048, 2048, 2048, 2048, 2048, 2048, 2048, 2048, 2048]",338.0
1233,9672,16,14,2024-04-20T03:26:09.632000+00:00,27.318,31.421,43.745,273.0,265.0,False,102.484,"[None, 2048, 2048, 2048, 2048, 2048, 2048]","[2048, 2048, 2048, 2048, 2048, 2048]","[2048, 2048, 2048, 2049, 2051, 2048, 2048, 2048, 2048]",346.0
1233,9672,4,14,2024-04-20T03:26:10.717000+00:00,27.433,31.26,43.663,271.0,269.0,False,102.356,"[None, 2048, 2049, 2048, 2048, 2048, 2048]","[2048, 2048, 2048, 2048, 2048, 2048]","[2048, 2048, 2048, 2048, 2048, 2048, 2048, 2048, 2048]",329.0
1233,9672,81,14,2024-04-20T03:26:16.269000+00:00,27.667,31.174,43.817,267.0,267.0,False,102.658,"[None, 2048, 2048, 2048, 2048, 2048, 2048]","[2048, 2048, 2048, 2048, 2048, 2048]","[2048, 2048, 2048, 2048, 2049, 2048, 2048, 2048, 2048]",311.0
1233,9672,63,14,2024-04-20T03:26:18.347000+00:00,27.472,31.144,43.642,,269.0,False,102.258,"[None, 2048, 2048, 2048, 2048, 2048, 2048]","[2048, 2048, 2048, 2048, 2048, 2048]","[2048, 2048, 2048, 2048, 2048, 2048, 2048, 2048, 2048]",312.0
1233,9672,24,14,2024-04-20T03:26:21.428000+00:00,27.798,31.39,43.939,272.0,264.0,False,103.127,"[None, 2048, 2048, 2048, 2048, 2048, 2048]","[2048, 2048, 2048, 2048, 2048, 2048]","[2048, 2048, 2048, 2048, 2048, 2048, 2048, 2048, 2048]",310.0
1233,9672,20,14,2024-04-20T03:26:23.933000+00:00,27.7,31.448,43.938,277.0,268.0,False,103.086,"[None, 2048, 2048, 2048, 2048, 2048, 2048]","[2048, 2048, 2048, 2048, 2048, 2048]","[2048, 2048, 2048, 2048, 2049, 2048, 2048, 2049, 2049]",315.0
1233,9672,77,14,2024-04-20T03:26:24.493000+00:00,27.729,31.66,44.65,274.0,267.0,False,104.039,"[None, 2048, 2048, 2048, 2048, 2048, 2048]","[2048, 2048, 2048, 2048, 2048, 2048]","[2048, 2048, 2048, 2048, 2048, 2048, 2048, 2048, 2048]",331.0
1233,9672,3,14,2024-04-20T03:26:25.147000+00:00,27.452,31.899,43.965,,271.0,False,103.316,"[None, 2048, 2048, 2048, 2048, 2048, 2048]","[2048, 2048, 2048, 2048, 2048, 2048]","[2048, 2048, 2048, 2048, 2049, 2048, 2049, 2048]",344.0
1233,9672,18,14,2024-04-20T03:26:26.501000+00:00,27.658,31.627,44.595,276.0,270.0,False,103.88,"[None, 2048, 2048, 2048, 2048, 2048, 2048]","[2048, 2048, 2048, 2048, 2048, 2048]","[2048, 2048, 2048, 2048, 2048, 2048, 2048, 2048, 2048]",316.0
1233,9672,31,14,2024-04-20T03:26:27.081000+00:00,27.481,31.714,44.469,267.0,263.0,False,103.664,"[None, 2048, 2048, 2048, 2048, 2048, 2048]","[2048, 2048, 2048, 2048, 2048, 2048]","[2048, 2048, 2048, 2048, 2048, 2048, 2048, 2048, 2048]",336.0
1233,9672,10,14,2024-04-20T03:26:27.676000+00:00,27.61,31.617,44.224,272.0,265.0,False,103.451,"[None, 2048, 2048, 2048, 2048, 2048, 2048]","[2048, 2048, 2048, 2048, 2048, 2048]","[2048, 2048, 2048, 2048, 2048, 2048, 2048, 2048, 2048]",334.0
1233,9672,22,14,2024-04-20T03:26:29.189000+00:00,27.601,31.434,44.093,270.0,268.0,False,103.128,"[None, 2048, 2048, 2048, 2048, 2048, 2048]","[2048, 2048, 2048, 2048, 2048, 2048]","[2048, 2048, 2048, 2048, 2048, 2048, 2048, 2048, 2048]",319.0
1233,9672,27,14,2024-04-20T03:26:31.611000+00:00,28.142,31.973,43.995,,269.0,False,104.11,"[None, 2048, 2048, 2048, 2048, 2048, 2048]","[2048, 2048, 2048, 2048, 2048, 2048]","[2048, 2048, 2048, 2048, 2048, 2048, 2048, 2048, 2048]",335.0
1233,9672,23,14,2024-04-20T03:26:31.695000+00:00,27.572,31.536,44.149,269.0,267.0,False,103.257,"[2049, 2048, 2048, 2048, 2049, 2048, 2048]","[2048, 2048, 2048, 2048, 2048, 2048]","[2048, 2048, 2049, 2048, 2048, 2048, 2048, 2048, 2049]",313.0
1233,9672,2,14,2024-04-20T03:26:33.203000+00:00,27.858,31.472,43.901,,269.0,False,103.231,"[None, 2048, 2048, 2048, 2048, 2048, 2048]","[2048, 2048, 2048, 2048, 2048, 2048]","[2048, 2049, 2048, 2049, 2049, 2048, 2048, 2048, 2048]",335.0
1233,9672,1,15,2024-04-20T03:27:40.707000+00:00,27.254,30.804,43.611,273.0,264.0,False,101.669,"[None, 2048, 2048, 2048, 2048, 2048, 2048]","[2048, 2048, 2048, 2048, 2048, 2048]","[2048, 2048, 2048, 2048, 2048, 2048, 2049, 2048, 2048]",314.0
1233,9672,44,15,2024-04-20T03:27:47.641000+00:00,27.493,31.264,43.839,271.0,266.0,False,102.596,"[None, 2048, 2048, 2048, 2048, 2048, 2048]","[2048, 2048, 2048, 2048, 2048, 2048]","[2048, 2048, 2048, 2049, 2049, 2048, 2048, 2048, 2048]",312.0
1233,9672,14,15,2024-04-20T03:27:50.573000+00:00,27.461,31.39,43.864,272.0,267.0,False,102.715,"[None, 2048, 2048, 2048, 2048, 2048, 2048]","[2048, 2048, 2048, 2048, 2048, 2048]","[2048, 2048, 2048, 2049, 2048, 2048, 2048, 2048, 2048]",305.0
1233,9672,55,15,2024-04-20T03:27:50.988000+00:00,27.272,31.683,43.849,279.0,264.0,False,102.804,"[None, 2048, 2048, 2048, 2048, 2048, 2048]","[2048, 2048, 2048, 2048, 2048, 2048]","[2048, 2048, 2048, 2048, 2048, 2048, 2048, 2048, 2048]",333.0
1233,9672,11,15,2024-04-20T03:27:51.676000+00:00,27.08,31.819,43.876,276.0,268.0,False,102.775,"[None, 2048, 2048, 2048, 2048, 2048, 2048]","[2048, 2048, 2048, 2048, 2048, 2048]","[2048, 2048, 2048, 2049, 2049, 2048, 2048, 2048, 2048]",335.0
1233,9672,16,15,2024-04-20T03:27:52.080000+00:00,27.41,31.401,43.929,271.0,266.0,False,102.74,"[None, 2048, 2048, 2048, 2048, 2048, 2048]","[2048, 2048, 2048, 2048, 2048, 2048]","[2048, 2048, 2048, 2051, 2051, 2048, 2048, 2048, 2048]",342.0
1233,9672,4,15,2024-04-20T03:27:53.053000+00:00,27.58,31.455,43.822,270.0,269.0,False,102.857,"[None, 2048, 2048, 2048, 2048, 2048, 2048]","[2048, 2048, 2049, 2048, 2048, 2048]","[2048, 2048, 2048, 2048, 2048, 2048, 2048, 2048, 2048]",335.0
1233,9672,81,15,2024-04-20T03:27:58.944000+00:00,27.573,31.443,43.442,266.0,266.0,False,102.458,"[None, 2048, 2051, 2048, 2048, 2048, 2048]","[2048, 2048, 2048, 2048, 2048, 2048]","[2048, 2048, 2048, 2049, 2049, 2048, 2048, 2048, 2048]",313.0
1233,9672,63,15,2024-04-20T03:28:00.588000+00:00,27.46,31.354,43.664,270.0,269.0,False,102.478,"[None, 2048, 2048, 2048, 2048, 2048, 2048]","[2048, 2048, 2048, 2048, 2048, 2048]","[2048, 2048, 2048, 2048, 2048, 2048, 2048, 2048, 2049]",314.0
1233,9672,24,15,2024-04-20T03:28:04.626000+00:00,27.593,31.281,43.923,273.0,266.0,False,102.797,"[None, 2048, 2048, 2048, 2048, 2048, 2048]","[2048, 2048, 2048, 2048, 2048, 2048]","[2048, 2048, 2048, 2048, 2048, 2048, 2048, 2048, 2048]",312.0
1233,9672,20,15,2024-04-20T03:28:07.043000+00:00,27.497,31.474,44.18,274.0,267.0,False,103.151,"[None, 2048, 2048, 2048, 2048, 2048, 2048]","[2048, 2048, 2048, 2048, 2048, 2048]","[2048, 2048, 2048, 2048, 2049, 2048, 2048, 2048, 2048]",316.0
1233,9672,3,15,2024-04-20T03:28:08.315000+00:00,27.361,31.205,44.951,269.0,269.0,False,103.517,"[None, 2048, 2048, 2049, 2048, 2049, 2048]","[2048, 2048, 2049, 2049, 2048, 2048]","[2049, 2048, 2048, 2048, 2048, 2048, 2049, 2048, 2048]",337.0
1233,9672,77,15,2024-04-20T03:28:08.535000+00:00,27.651,31.853,44.293,271.0,265.0,False,103.797,"[2049, 2049, 2049, 2049, 2048, 2048, 2048]","[2048, 2048, 2048, 2048, 2048, 2048]","[2049, 2048, 2048, 2048, 2048, 2048, 2048, 2048, 2048]",313.0
1233,9672,18,15,2024-04-20T03:28:10.335000+00:00,27.736,31.456,44.257,269.0,268.0,False,103.449,"[None, 2048, 2048, 2048, 2048, 2048, 2048]","[2048, 2048, 2048, 2048, 2048, 2048]","[2048, 2048, 2048, 2048, 2048, 2048, 2048, 2048, 2048]",315.0
1233,9672,31,15,2024-04-20T03:28:10.787000+00:00,27.879,31.49,44.31,268.0,264.0,False,103.679,"[None, 2048, 2048, 2048, 2048, 2048, 2048]","[2048, 2048, 2048, 2048, 2048, 2048]","[2048, 2048, 2048, 2048, 2048, 2048, 2048, 2048, 2048]",328.0
1233,9672,10,15,2024-04-20T03:28:11.137000+00:00,27.943,31.708,44.139,271.0,266.0,False,103.79,"[None, 2049, 2048, 2048, 2048, 2048, 2048]","[2048, 2048, 2048, 2048, 2048, 2048]","[2048, 2048, 2048, 2048, 2048, 2048, 2048, 2048, 2048]",333.0
1233,9672,22,15,2024-04-20T03:28:12.290000+00:00,27.759,31.507,44.033,272.0,270.0,False,103.299,"[None, 2048, 2048, 2048, 2048, 2048, 2048]","[2048, 2048, 2048, 2048, 2048, 2048]","[2048, 2048, 2049, 2048, 2049, 2048, 2048, 2048, 2048]",337.0
1233,9672,23,15,2024-04-20T03:28:14.894000+00:00,27.523,31.503,43.793,,266.0,False,102.819,"[2048, 2048, 2048, 2048, 2048, 2048, 2048]","[2049, 2048, 2048, 2048, 2048, 2048]","[2048, 2048, 2048, 2048, 2048, 2048, 2048, 2049, 2049]",315.0
1233,9672,27,15,2024-04-20T03:28:15.793000+00:00,27.61,31.955,44.439,277.0,270.0,False,104.004,"[None, 2048, 2048, 2048, 2048, 2048, 2048]","[2048, 2048, 2048, 2048, 2048, 2048]","[2048, 2048, 2048, 2048, 2048, 2048, 2049, 2049, 2048]",319.0
1233,9672,2,15,2024-04-20T03:28:16.407000+00:00,27.759,31.565,44.341,274.0,270.0,False,103.665,"[2049, 2049, 2048, 2048, 2048, 2048, 2048]","[2048, 2048, 2048, 2048, 2048, 2048]","[2048, 2048, 2048, 2049, 2048, 2048, 2048, 2048, 2048]",334.0
1233,9672,1,16,2024-04-20T03:29:22.431000+00:00,27.273,30.473,43.291,275.0,267.0,False,101.037,"[None, 2048, 2048, 2048, 2048, 2048, 2048]","[2048, 2048, 2048, 2048, 2048, 2048]","[2048, 2048, 2048, 2048, 2048, 2048, 2049, 2048, 2048]",315.0
1233,9672,44,16,2024-04-20T03:29:30.288000+00:00,27.429,31.083,43.926,273.0,268.0,False,102.438,"[None, 2048, 2049, 2048, 2048, 2048, 2048]","[2048, 2048, 2048, 2048, 2048, 2048]","[2048, 2048, 2048, 2048, 2049, 2048, 2048, 2048, 2048]",313.0
1233,9672,14,16,2024-04-20T03:29:33.261000+00:00,27.619,33.134,51.072,271.0,268.0,False,111.825,"[None, 2048, 2048, 2048, 2048, 2048, 2048]","[2048, 2048, 2048, 2048, 2048, 2048]","[2048, 2048, 2048, 2049, 2049, 2048, 2048, 2051, 2064]",336.0
1233,9672,55,16,2024-04-20T03:29:33.821000+00:00,27.242,33.135,44.601,277.0,271.0,False,104.978,"[None, 2048, 2048, 2048, 2048, 2048, 2049]","[2048, 2048, 2048, 2048, 2048, 2048]","[2048, 2048, 2048, 2048, 2048, 2048, 2048, 2048]",316.0
1233,9672,11,16,2024-04-20T03:29:34.351000+00:00,27.158,32.046,43.646,272.0,267.0,False,102.85,"[None, 2048, 2048, 2048, 2048, 2048, 2048]","[2048, 2048, 2048, 2048, 2048, 2048]","[2049, 2048, 2048, 2048, 2048, 2048, 2048, 2048, 2049]",315.0
1233,9672,16,16,2024-04-20T03:29:34.779000+00:00,27.143,32.481,44.824,275.0,263.0,False,104.448,"[2051, 2048, 2048, 2048, 2048, 2048, 2048]","[2048, 2048, 2048, 2048, 2048, 2048]","[2048, 2048, 2048, 2048, 2048, 2048, 2048, 2048, 2048]",334.0
1233,9672,4,16,2024-04-20T03:29:35.937000+00:00,27.431,31.742,44.968,268.0,272.0,False,104.141,"[None, 2048, 2049, 2048, 2048, 2048, 2048]","[2049, 2048, 2048, 2048, 2048, 2048]","[2048, 2048, 2048, 2049, 2049, 2048, 2048, 2048]",340.0
1233,9672,81,16,2024-04-20T03:29:41.295000+00:00,27.495,31.356,43.792,268.0,269.0,False,102.643,"[None, 2048, 2048, 2048, 2048, 2048, 2048]","[2048, 2048, 2048, 2048, 2048, 2048]","[2048, 2048, 2048, 2048, 2049, 2048, 2048, 2048, 2048]",313.0
1233,9672,63,16,2024-04-20T03:29:43.100000+00:00,27.217,31.298,44.192,277.0,269.0,False,102.707,"[None, 2048, 2048, 2048, 2048, 2048, 2048]","[2048, 2048, 2048, 2048, 2048, 2048]","[2048, 2048, 2048, 2048, 2048, 2048, 2049, 2048, 2048]",315.0
1233,9672,24,16,2024-04-20T03:29:47.332000+00:00,27.618,31.352,43.755,275.0,267.0,False,102.725,"[None, 2048, 2049, 2048, 2048, 2048, 2048]","[2048, 2048, 2048, 2048, 2048, 2048]","[2048, 2048, 2048, 2048, 2048, 2048, 2048, 2048, 2048]",312.0
1233,9672,20,16,2024-04-20T03:29:50.278000+00:00,27.524,31.381,44.056,,266.0,False,102.961,"[None, 2048, 2048, 2048, 2048, 2048, 2048]","[2048, 2048, 2048, 2048, 2048, 2048]","[2049, 2048, 2048, 2049, 2049, 2048, 2049, 2048, 2049]",317.0
1233,9672,3,16,2024-04-20T03:29:51.909000+00:00,27.684,30.973,43.723,271.0,269.0,False,102.38,"[None, 2048, 2048, 2048, 2048, 2048, 2048]","[2049, 2048, 2049, 2049, 2048, 2048]","[2048, 2048, 2048, 2048, 2048, 2049, 2048, 2049, 2048]",318.0
1233,9672,77,16,2024-04-20T03:29:52.433000+00:00,27.585,31.608,44.125,275.0,266.0,False,103.318,"[2048, 2048, 2048, 2048, 2048, 2048, 2048]","[2048, 2048, 2048, 2048, 2048, 2048]","[2048, 2048, 2048, 2048, 2048, 2048, 2048, 2048, 2048]",315.0
1233,9672,18,16,2024-04-20T03:29:53.760000+00:00,27.68,31.512,44.14,275.0,270.0,False,103.332,"[None, 2048, 2048, 2048, 2048, 2048, 2048]","[2048, 2048, 2048, 2049, 2048, 2049]","[2048, 2048, 2048, 2048, 2048, 2048, 2048, 2048, 2048]",315.0
1233,9672,31,16,2024-04-20T03:29:54.308000+00:00,27.521,31.636,44.17,276.0,266.0,False,103.327,"[None, 2048, 2048, 2048, 2048, 2048, 2048]","[2048, 2048, 2048, 2048, 2048, 2048]","[2048, 2048, 2049, 2048, 2048, 2048, 2048, 2048, 2048]",330.0
1233,9672,10,16,2024-04-20T03:29:54.896000+00:00,27.602,31.624,44.088,273.0,266.0,False,103.314,"[None, 2048, 2048, 2049, 2048, 2048, 2048]","[2048, 2048, 2048, 2048, 2048, 2048]","[2048, 2048, 2048, 2048, 2048, 2048, 2048, 2048, 2048]",333.0
1233,9672,22,16,2024-04-20T03:29:55.575000+00:00,27.49,31.806,43.892,276.0,269.0,False,103.188,"[None, 2048, 2048, 2048, 2048, 2048, 2048]","[2048, 2048, 2048, 2048, 2048, 2048]","[2048, 2048, 2048, 2048, 2049, 2048, 2048, 2048, 2048]",337.0
1233,9672,23,16,2024-04-20T03:29:57.724000+00:00,27.686,31.547,43.874,274.0,268.0,False,103.107,"[None, 2048, 2049, 2048, 2048, 2048, 2048]","[2049, 2048, 2048, 2048, 2048, 2048]","[2048, 2048, 2049, 2048, 2048, 2048, 2048, 2049, 2048]",317.0
1233,9672,27,16,2024-04-20T03:29:59.752000+00:00,28.496,32.205,44.303,281.0,269.0,False,105.004,"[None, 2048, 2048, 2048, 2048, 2048, 2048]","[2048, 2048, 2048, 2048, 2048, 2048]","[2048, 2048, 2048, 2048, 2048, 2048, 2048, 2048, 2048]",320.0
1233,9672,2,16,2024-04-20T03:29:59.984000+00:00,27.892,31.365,44.251,272.0,268.0,False,103.508,"[2048, 2048, 2048, 2049, 2048, 2048, 2048]","[2048, 2048, 2048, 2048, 2048, 2048]","[2049, 2048, 2048, 2048, 2048, 2048, 2048, 2048, 2048]",314.0
1233,9672,1,17,2024-04-20T03:31:03.410000+00:00,27.271,30.842,43.287,,264.0,False,101.4,"[None, 2048, 2048, 2048, 2048, 2048, 2048]","[2048, 2048, 2048, 2048, 2048, 2048]","[2048, 2048, 2048, 2048, 2048, 2048, 2048, 2048, 2048]",316.0
1233,9672,44,17,2024-04-20T03:31:12.744000+00:00,27.425,31.187,43.828,276.0,267.0,False,102.44,"[None, 2048, 2049, 2048, 2048, 2048, 2049]","[2048, 2048, 2048, 2048, 2048, 2048]","[2048, 2048, 2048, 2049, 2049, 2048, 2048, 2049, 2048]",314.0
1233,9672,11,17,2024-04-20T03:31:17.227000+00:00,27.316,30.986,43.576,271.0,264.0,False,101.878,"[None, 2048, 2049, 2048, 2048, 2048, 2048]","[2048, 2048, 2048, 2048, 2048, 2048]","[2048, 2048, 2048, 2048, 2048, 2048, 2048, 2048, 2048]",316.0
1233,9672,55,17,2024-04-20T03:31:18.684000+00:00,28.182,31.542,43.98,273.0,270.0,False,103.704,"[None, 2048, 2048, 2049, 2048, 2048, 2048]","[2048, 2048, 2048, 2048, 2048, 2048]","[2048, 2048, 2048, 2048, 2048, 2048, 2048, 2048, 2048]",315.0
1233,9672,16,17,2024-04-20T03:31:19.167000+00:00,27.348,30.743,43.422,271.0,265.0,False,101.513,"[2048, 2048, 2048, 2049, 2048, 2048, 2048]","[2049, 2048, 2049, 2048, 2048, 2048]","[2048, 2048, 2048, 2048, 2048, 2048, 2049, 2049]",315.0
1233,9672,4,17,2024-04-20T03:31:19.962000+00:00,27.374,31.622,43.987,272.0,270.0,False,102.983,"[None, 2048, 2048, 2048, 2048, 2048, 2048]","[2048, 2048, 2048, 2048, 2048, 2048]","[2048, 2048, 2048, 2048, 2048, 2048, 2048, 2048, 2048]",335.0
1233,9672,81,17,2024-04-20T03:31:23.818000+00:00,27.688,31.147,43.732,,266.0,False,102.567,"[None, 2048, 2048, 2048, 2048, 2048, 2048]","[2048, 2048, 2048, 2048, 2048, 2048]","[2048, 2048, 2048, 2049, 2049, 2048, 2048, 2048, 2048]",314.0
1233,9672,14,17,2024-04-20T03:31:25.081000+00:00,46.476,30.148,50.771,279.0,271.0,True,127.395,"[2064, 2064, 2048, 2048, 2048, 2048, 2048]","[2049, 2048, 2049, 2049, 2048, 2051]","[2048, 2049, 2051, 2048, 2048, 2048, 2048, 2048, 2064]",297.0
1233,9672,63,17,2024-04-20T03:31:25.929000+00:00,27.275,31.208,43.681,276.0,269.0,False,102.164,"[None, 2048, 2048, 2048, 2048, 2048, 2048]","[2048, 2048, 2048, 2048, 2048, 2048]","[2049, 2048, 2048, 2048, 2048, 2048, 2048, 2048, 2048]",317.0
1233,9672,24,17,2024-04-20T03:31:30.190000+00:00,27.678,31.132,44.035,,265.0,False,102.845,"[None, 2048, 2048, 2048, 2048, 2048, 2048]","[2048, 2048, 2048, 2048, 2048, 2048]","[2048, 2048, 2048, 2049, 2048, 2048, 2048, 2048, 2048]",314.0
1233,9672,20,17,2024-04-20T03:31:33.237000+00:00,27.465,31.161,43.919,277.0,269.0,False,102.545,"[None, 2048, 2049, 2048, 2048, 2048, 2048]","[2048, 2048, 2048, 2048, 2048, 2048]","[2048, 2048, 2048, 2049, 2049, 2048, 2048, 2048]",319.0
1233,9672,3,17,2024-04-20T03:31:34.386000+00:00,27.578,31.042,43.761,276.0,268.0,False,102.381,"[None, 2048, 2048, 2048, 2048, 2048, 2048]","[2048, 2048, 2049, 2048, 2048, 2048]","[2048, 2048, 2048, 2048, 2048, 2048, 2048, 2049, 2049]",321.0
1233,9672,77,17,2024-04-20T03:31:35.717000+00:00,27.686,31.443,43.792,273.0,265.0,False,102.921,"[None, 2048, 2049, 2049, 2048, 2048, 2048]","[2048, 2048, 2049, 2049, 2048, 2048]","[2049, 2048, 2048, 2048, 2048, 2048, 2048, 2049, 2048]",314.0
1233,9672,18,17,2024-04-20T03:31:37.147000+00:00,27.711,31.294,44.226,272.0,271.0,False,103.231,"[None, 2048, 2048, 2048, 2048, 2048, 2048]","[2048, 2048, 2048, 2049, 2048, 2048]","[2048, 2048, 2048, 2048, 2048, 2048, 2048, 2048, 2049]",316.0
1233,9672,31,17,2024-04-20T03:31:37.724000+00:00,27.579,31.366,44.312,273.0,266.0,False,103.257,"[None, 2048, 2048, 2048, 2048, 2048, 2048]","[2048, 2048, 2048, 2048, 2048, 2048]","[2048, 2048, 2048, 2049, 2048, 2048, 2048, 2048, 2048]",337.0
1233,9672,10,17,2024-04-20T03:31:38.191000+00:00,27.785,31.481,44.043,275.0,264.0,False,103.309,"[None, 2048, 2048, 2048, 2048, 2048, 2048]","[2048, 2048, 2048, 2048, 2048, 2048]","[2048, 2048, 2048, 2048, 2048, 2048, 2048, 2048]",332.0
1233,9672,22,17,2024-04-20T03:31:38.763000+00:00,27.677,31.59,44.103,278.0,271.0,False,103.37,"[None, 2048, 2048, 2048, 2048, 2048, 2048]","[2048, 2048, 2048, 2048, 2048, 2048]","[2048, 2048, 2048, 2049, 2049, 2048, 2048, 2048, 2048]",341.0
1233,9672,23,17,2024-04-20T03:31:40.836000+00:00,27.779,31.416,43.654,275.0,269.0,False,102.849,"[None, 2048, 2049, 2048, 2048, 2048, 2048]","[2048, 2048, 2048, 2048, 2048, 2048]","[2049, 2048, 2049, 2048, 2048, 2048, 2048, 2048, 2048]",319.0
1233,9672,2,17,2024-04-20T03:31:43.448000+00:00,27.87,31.649,44.4,274.0,268.0,False,103.919,"[None, 2048, 2048, 2048, 2048, 2048, 2048]","[2048, 2049, 2048, 2048, 2048, 2048]","[2048, 2048, 2048, 2048, 2048, 2048, 2048, 2048]",314.0
1233,9672,27,17,2024-04-20T03:31:44.724000+00:00,28.144,31.766,44.315,278.0,269.0,False,104.225,"[None, 2048, 2048, 2048, 2048, 2048, 2048]","[2049, 2048, 2048, 2048, 2048, 2048]","[2048, 2048, 2048, 2048, 2048, 2048, 2048, 2048, 2048]",321.0
1233,9672,1,18,2024-04-20T03:32:44.861000+00:00,27.383,30.901,43.106,274.0,266.0,False,101.39,"[None, 2048, 2048, 2048, 2048, 2048, 2048]","[2048, 2048, 2048, 2048, 2048, 2048]","[2048, 2048, 2048, 2048, 2048, 2048, 2048, 2048, 2048]",316.0
1233,9672,44,18,2024-04-20T03:32:55.223000+00:00,27.654,31.18,43.802,275.0,268.0,False,102.636,"[None, 2048, 2048, 2048, 2048, 2048, 2048]","[2048, 2048, 2048, 2048, 2048, 2048]","[2048, 2048, 2048, 2048, 2048, 2048, 2048, 2048, 2048]",314.0
1233,9672,11,18,2024-04-20T03:32:59.173000+00:00,27.428,30.798,43.541,273.0,267.0,False,101.767,"[None, 2048, 2049, 2048, 2048, 2048, 2048]","[2048, 2048, 2049, 2049, 2048, 2048]","[2048, 2048, 2048, 2048, 2048, 2048, 2048, 2048, 2048]",316.0
1233,9672,16,18,2024-04-20T03:33:00.632000+00:00,27.454,30.888,43.601,,264.0,False,101.943,"[None, 2048, 2048, 2048, 2048, 2048, 2048]","[2048, 2048, 2048, 2048, 2048, 2048]","[2048, 2048, 2048, 2048, 2048, 2048, 2049, 2048, 2048]",315.0
1233,9672,55,18,2024-04-20T03:33:02.553000+00:00,27.753,31.231,43.794,269.0,262.0,False,102.778,"[None, 2048, 2048, 2048, 2048, 2048, 2048]","[2048, 2048, 2049, 2048, 2048, 2048]","[2048, 2048, 2048, 2048, 2048, 2048, 2048, 2048, 2048]",316.0
1233,9672,4,18,2024-04-20T03:33:03.021000+00:00,27.642,31.386,43.863,271.0,270.0,False,102.891,"[None, 2048, 2048, 2048, 2048, 2048, 2048]","[2048, 2048, 2049, 2048, 2048, 2048]","[2048, 2048, 2048, 2048, 2048, 2048, 2049, 2048, 2048]",336.0
1233,9672,81,18,2024-04-20T03:33:06.553000+00:00,27.827,31.284,43.887,,267.0,False,102.998,"[None, 2048, 2048, 2048, 2048, 2048, 2048]","[2048, 2048, 2048, 2048, 2048, 2048]","[2048, 2048, 2048, 2048, 2049, 2048, 2048, 2048, 2048]",314.0
1233,9672,63,18,2024-04-20T03:33:08.063000+00:00,27.537,31.358,43.731,271.0,269.0,False,102.626,"[None, 2048, 2048, 2048, 2048, 2048, 2048]","[2048, 2048, 2048, 2048, 2048, 2048]","[2048, 2048, 2048, 2048, 2048, 2048, 2048, 2048, 2048]",316.0
1233,9672,24,18,2024-04-20T03:33:12.833000+00:00,27.756,31.248,44.175,274.0,267.0,False,103.179,"[None, 2048, 2048, 2048, 2048, 2048, 2048]","[2048, 2048, 2048, 2048, 2048, 2048]","[2048, 2048, 2048, 2048, 2048, 2048, 2048, 2048, 2048]",312.0
1233,9672,20,18,2024-04-20T03:33:15.599000+00:00,27.75,32.15,45.251,,253.0,False,105.151,"[None, 2048, 2048, 2048, 2048, 2048, 2048]","[2048, 2048, 2048, 2048, 2048, 2048]","[2048, 2049, 2048, 2049, 2049, 2048, 2048, 2048, 2048]",317.0
1233,9672,3,18,2024-04-20T03:33:16.680000+00:00,27.315,31.979,45.305,275.0,241.0,False,104.599,"[None, 2048, 2049, 2048, 2048, 2048, 2048]","[2048, 2048, 2048, 2048, 2048, 2048]","[2048, 2048, 2048, 2048, 2048, 2048, 2048, 2048, 2048]",337.0
1233,9672,77,18,2024-04-20T03:33:18.565000+00:00,27.559,31.496,44.368,269.0,263.0,False,103.423,"[None, 2048, 2049, 2048, 2048, 2048, 2048]","[2048, 2048, 2049, 2048, 2048, 2048]","[2048, 2048, 2048, 2048, 2049, 2048, 2048, 2048, 2048]",333.0
1233,9672,18,18,2024-04-20T03:33:20.352000+00:00,27.737,31.252,44.208,277.0,269.0,False,103.197,"[None, 2048, 2048, 2048, 2048, 2048, 2048]","[2048, 2048, 2048, 2048, 2048, 2048]","[2048, 2048, 2048, 2048, 2048, 2048, 2048, 2048, 2048]",317.0
1233,9672,31,18,2024-04-20T03:33:20.914000+00:00,27.599,31.463,44.151,271.0,265.0,False,103.213,"[None, 2048, 2048, 2048, 2048, 2048, 2048]","[2048, 2048, 2048, 2048, 2048, 2048]","[2048, 2048, 2048, 2048, 2048, 2048, 2048, 2048, 2048]",332.0
1233,9672,10,18,2024-04-20T03:33:21.461000+00:00,27.375,31.753,44.0,278.0,268.0,False,103.128,"[None, 2048, 2048, 2048, 2048, 2048, 2048]","[2048, 2048, 2048, 2048, 2048, 2048]","[2048, 2048, 2048, 2048, 2048, 2048, 2048, 2048, 2048]",333.0
1233,9672,22,18,2024-04-20T03:33:22.045000+00:00,27.943,31.689,44.092,274.0,268.0,False,103.724,"[None, 2048, 2048, 2048, 2048, 2048, 2048]","[2048, 2048, 2048, 2048, 2048, 2048]","[2048, 2048, 2048, 2048, 2048, 2048, 2048, 2048, 2048]",320.0
1233,9672,23,18,2024-04-20T03:33:23.702000+00:00,27.727,31.403,43.864,,269.0,False,102.994,"[None, 2048, 2048, 2048, 2048, 2048, 2048]","[2049, 2048, 2049, 2048, 2048, 2048]","[2048, 2048, 2048, 2048, 2048, 2048, 2048, 2048, 2048]",335.0
1233,9672,2,18,2024-04-20T03:33:27.331000+00:00,27.851,31.356,44.229,271.0,266.0,False,103.436,"[None, 2048, 2048, 2048, 2048, 2048, 2048]","[2048, 2048, 2048, 2049, 2048, 2048]","[2048, 2048, 2048, 2048, 2048, 2048, 2048, 2049, 2049]",314.0
1233,9672,27,18,2024-04-20T03:33:28.798000+00:00,27.97,31.976,44.175,276.0,268.0,False,104.121,"[None, 2048, 2049, 2048, 2048, 2048, 2048]","[2048, 2048, 2048, 2048, 2048, 2048]","[2048, 2048, 2048, 2048, 2048, 2048, 2048, 2048, 2048]",318.0
1233,9672,14,18,2024-04-20T03:33:32.444000+00:00,,,,,,False,,,,,
1233,9672,1,19,2024-04-20T03:34:26.246000+00:00,27.221,30.815,43.409,,266.0,False,101.445,"[None, 2048, 2049, 2048, 2048, 2048, 2048]","[2048, 2048, 2048, 2048, 2048, 2048]","[2048, 2048, 2048, 2048, 2048, 2048, 2048, 2048, 2048]",315.0
1233,9672,44,19,2024-04-20T03:34:37.803000+00:00,27.696,31.236,43.974,274.0,267.0,False,102.906,"[None, 2048, 2048, 2048, 2048, 2048, 2048]","[2048, 2048, 2048, 2048, 2048, 2048]","[2048, 2048, 2048, 2048, 2048, 2048, 2048, 2048, 2048]",313.0
1233,9672,11,19,2024-04-20T03:34:40.910000+00:00,27.213,31.038,43.765,,267.0,False,102.016,"[None, 2048, 2049, 2048, 2048, 2048, 2048]","[2048, 2048, 2049, 2049, 2048, 2048]","[2048, 2048, 2048, 2048, 2048, 2048, 2048, 2048, 2048]",316.0
1233,9672,16,19,2024-04-20T03:34:42.694000+00:00,27.573,30.967,43.906,276.0,268.0,False,102.446,"[None, 2048, 2048, 2048, 2048, 2048, 2048]","[2048, 2048, 2048, 2048, 2048, 2048]","[2048, 2048, 2048, 2048, 2048, 2048, 2048, 2048, 2048]",313.0
1233,9672,55,19,2024-04-20T03:34:45.327000+00:00,27.834,31.307,43.908,267.0,261.0,False,103.049,"[None, 2048, 2048, 2048, 2048, 2048, 2048]","[2048, 2048, 2048, 2048, 2048, 2048]","[2048, 2048, 2048, 2048, 2048, 2048, 2048, 2048, 2048]",314.0
1233,9672,4,19,2024-04-20T03:34:45.838000+00:00,27.591,31.828,44.408,270.0,268.0,False,103.827,"[None, 2048, 2048, 2048, 2048, 2048, 2048]","[2048, 2048, 2048, 2048, 2048, 2048]","[2048, 2048, 2048, 2048, 2048, 2048, 2048, 2048, 2048]",317.0
1233,9672,81,19,2024-04-20T03:34:49.526000+00:00,27.65,31.021,44.143,273.0,269.0,False,102.814,"[None, 2049, 2048, 2048, 2048, 2048, 2048]","[2048, 2048, 2049, 2048, 2048, 2048]","[2048, 2048, 2048, 2048, 2048, 2048, 2048, 2048, 2048]",312.0
1233,9672,63,19,2024-04-20T03:34:50.553000+00:00,27.376,31.269,44.06,276.0,271.0,False,102.705,"[2049, 2049, 2048, 2048, 2048, 2048, 2048]","[2048, 2048, 2048, 2048, 2048, 2048]","[2048, 2048, 2048, 2048, 2048, 2048, 2048, 2048, 2048]",331.0
1233,9672,24,19,2024-04-20T03:34:56.211000+00:00,27.758,31.478,44.214,,267.0,False,103.45,"[None, 2048, 2048, 2048, 2048, 2048, 2048]","[2048, 2048, 2048, 2048, 2048, 2048]","[2048, 2048, 2048, 2048, 2048, 2048, 2048, 2048, 2048]",312.0
1233,9672,20,19,2024-04-20T03:35:00.854000+00:00,27.66,31.8,44.706,276.0,269.0,False,104.166,"[None, 2048, 2048, 2048, 2048, 2048, 2048]","[2048, 2048, 2048, 2048, 2048, 2048]","[2048, 2048, 2048, 2048, 2048, 2048, 2048, 2048, 2048]",315.0
1233,9672,3,19,2024-04-20T03:35:01.363000+00:00,27.45,32.042,44.677,278.0,270.0,False,104.169,"[None, 2048, 2048, 2048, 2048, 2048, 2048]","[2048, 2048, 2048, 2048, 2048, 2048]","[2048, 2048, 2048, 2048, 2048, 2048, 2048, 2048, 2048]",320.0
1233,9672,77,19,2024-04-20T03:35:02.043000+00:00,27.609,31.922,44.37,274.0,269.0,False,103.901,"[2049, 2049, 2048, 2048, 2048, 2048, 2048]","[2048, 2048, 2048, 2048, 2048, 2048]","[2048, 2048, 2048, 2048, 2048, 2048, 2048, 2048, 2048]",329.0
1233,9672,18,19,2024-04-20T03:35:03.561000+00:00,27.693,31.668,45.004,274.0,271.0,False,104.365,"[None, 2048, 2048, 2048, 2048, 2048, 2048]","[2048, 2048, 2048, 2048, 2048, 2048]","[2048, 2048, 2048, 2048, 2048, 2048, 2048, 2048, 2048]",315.0
1233,9672,31,19,2024-04-20T03:35:04.234000+00:00,27.548,31.672,44.121,272.0,268.0,False,103.341,"[None, 2049, 2048, 2048, 2048, 2048, 2048]","[2048, 2048, 2048, 2048, 2048, 2048]","[2048, 2048, 2048, 2048, 2048, 2048, 2049, 2048, 2048]",335.0
1233,9672,10,19,2024-04-20T03:35:04.645000+00:00,27.831,31.615,44.392,275.0,268.0,False,103.838,"[None, 2049, 2049, 2048, 2048, 2048, 2048]","[2048, 2048, 2048, 2048, 2048, 2048]","[2048, 2048, 2048, 2048, 2048, 2048, 2048, 2048, 2048]",330.0
1233,9672,22,19,2024-04-20T03:35:05.886000+00:00,27.825,31.517,44.354,272.0,268.0,False,103.696,"[None, 2048, 2048, 2048, 2048, 2048, 2048]","[2048, 2048, 2048, 2048, 2048, 2048]","[2048, 2048, 2048, 2048, 2048, 2048, 2048, 2048, 2048]",323.0
1233,9672,23,19,2024-04-20T03:35:06.753000+00:00,27.81,31.835,44.262,274.0,268.0,False,103.907,"[2049, 2049, 2048, 2048, 2048, 2048, 2048]","[2048, 2048, 2048, 2048, 2048, 2048]","[2048, 2048, 2048, 2048, 2048, 2048, 2048, 2048, 2048]",321.0
1233,9672,2,19,2024-04-20T03:35:10.878000+00:00,27.558,31.372,44.171,272.0,268.0,False,103.101,"[None, 2048, 2049, 2048, 2048, 2048, 2048]","[2048, 2048, 2048, 2048, 2048, 2048]","[2049, 2048, 2048, 2048, 2048, 2048, 2048, 2048, 2048]",316.0
1233,9672,27,19,2024-04-20T03:35:13.069000+00:00,27.944,31.813,44.454,277.0,269.0,False,104.211,"[None, 2048, 2049, 2048, 2048, 2048, 2048]","[2048, 2048, 2048, 2048, 2048, 2048]","[2048, 2048, 2048, 2048, 2048, 2048, 2048, 2048, 2048]",317.0
